Q A-1	193	194	195	196	197	198	199	200	201
0.0691375	67.95488097	70.26194239	69.830652	64.49461496	67.89566757	76.66628462	67.3873821	74.65310335	66.93633777
0.0753625	64.8602088	62.74573294	67.13218578	64.7202918	69.96199012	66.53530301	66.87793349	68.29078139	59.32798599
0.0815875	58.93845553	57.63372691	59.15659181	54.59579299	59.46397338	58.9990685	62.3030848	67.07466929	56.62874186
0.0878125	55.19310678	52.91530585	58.61265915	54.37217406	58.41567922	58.15608423	52.22568265	57.90412387	50.59112643
0.0940375	63.09467934	61.61714776	61.55957155	54.46402354	58.74220972	58.12228179	55.54026602	60.65329085	51.75286525
0.1002625	57.86627715	53.75022942	56.99825888	53.19771675	58.84865716	56.17424406	53.64862776	58.02096588	48.20126782
0.1064875	50.74049285	51.08103859	54.47551242	47.56715292	53.23037015	50.23991723	49.31038999	54.29141317	50.33161383
0.1127125	51.34465835	46.96377077	54.14104613	47.05156679	51.5895185	51.92795351	49.228484	56.23190813	46.34500451
0.1189375	53.3516468	52.54171345	55.79264077	48.56401887	51.4815242	52.69244769	49.78140241	52.65023116	46.27128903
0.1251625	49.9246958	50.03296679	54.03209205	48.7829094	52.69265658	56.54499007	49.28973514	59.7398956	44.91634994
0.1313875	52.82271588	50.8106051	55.34151042	45.67842375	55.47585311	51.39814003	48.92320144	49.59357149	44.16140582
0.1376125	54.63798382	49.43021774	56.54418025	47.11164036	54.58245263	54.03840917	48.3736955	55.96673511	42.5192569
0.1438375	51.12505449	47.56856329	52.35854029	46.51927824	50.04974714	50.72004349	49.99860583	54.80660777	41.71778648
0.1500625	50.33337938	46.23620165	54.30699731	47.68984668	54.38026626	50.87766248	50.79528567	54.61321316	42.62631184
0.1562875	50.4773814	50.20284268	52.42546128	43.73138718	53.9794942	54.97275911	48.96071202	55.39389122	46.25509089
0.1625125	50.54199365	49.64883338	54.95828696	48.28288662	51.99176923	53.40122345	48.12044166	53.44482273	46.59045582
0.1687375	52.22531608	50.18005239	52.73913483	45.214669	54.07634739	51.32995443	50.59378647	55.22920541	46.23148958
0.1749625	51.05814513	46.16132666	50.35125353	44.03257959	54.15861047	52.13174021	48.70480202	53.78565953	40.0362502
0.1811875	51.37299358	49.1717954	56.06595967	47.5415789	53.05697751	54.74900143	48.24325116	55.47652805	45.55778953
0.1874125	52.61429236	48.07052895	53.53479896	46.95202308	52.56340383	53.48121361	49.74976104	55.26344106	46.28354077
0.1936375	50.2633289	47.7585542	52.209286	46.03039324	53.14998624	53.35654747	50.07584758	54.22300821	46.55804988
0.1998625	49.187395	45.62517477	52.83280896	45.68164409	51.83653788	51.87933163	48.1631848	55.05108895	46.13628981
0.2060875	53.31964509	48.53419266	51.52111978	46.03336786	55.044118	53.4904361	53.96896333	55.10789247	48.43093358
0.2123125	51.0778816	46.73869933	52.08159087	46.26281852	52.71725885	55.02568804	52.01971034	54.45610106	50.77210915
0.2185375	49.72089906	47.95455024	52.78547244	46.33342953	53.32461867	53.05129518	51.95124026	57.33242988	51.54400763
0.2247625	48.63543537	45.96942733	52.11310786	45.68761076	55.17971763	56.04229322	51.27936822	58.82787279	50.38691868
0.2309875	46.96135329	47.48070561	50.13695927	45.0134247	54.66868935	56.2224386	49.03775472	56.95378217	51.67456928
0.2372125	48.72106508	47.92314754	52.35044794	46.72562065	57.75670488	57.21943339	51.78677899	56.72189351	51.72777406
0.2434375	50.98493546	46.86946338	52.29719373	47.29546742	56.97611386	57.94198891	54.73702194	61.05295143	53.68939436
0.2496625	50.65701859	48.23935254	54.02470966	47.35730074	57.25014735	59.43630886	56.58604807	62.91154291	58.3830523
0.2558875	48.7221449	47.69590962	54.09613584	46.59708535	55.89575474	58.50746959	54.5697168	63.87847846	58.44318904
0.2621125	49.52752357	49.15468908	52.06541901	47.64546605	55.86626794	60.17083339	56.33368218	63.13340168	61.7411688
0.2683375	50.1788108	47.45988952	53.13645341	48.87059169	60.37204432	62.56843768	58.34002759	68.85741337	66.94025418
0.2745625	51.34207654	47.70862155	55.67116407	50.15451272	59.60141888	63.34057923	61.43326407	72.45687029	72.53818617
0.2807875	51.67513532	46.20314254	54.23648781	53.24748433	63.55914201	64.15848056	65.60574246	72.96085226	73.53947628
0.2870125	48.99037199	47.45207672	52.57097147	48.69730571	59.6137001	63.9203941	61.82111634	71.00523169	69.27240646
0.2932375	51.84910242	47.20832056	54.24321058	50.52794317	62.22887826	66.13364557	68.42754828	74.13334275	73.34690746
0.2994625	51.10828179	48.60141251	56.42639548	52.51344187	63.05540624	71.8499671	70.14859689	80.87520296	74.83616341
0.3056875	51.20001746	49.03431873	56.27925233	51.37889677	63.9422685	73.40706307	73.7324262	83.4551085	73.87719089
0.3119125	47.39245949	47.96533063	52.55542681	49.42775304	62.34929284	66.00494922	64.16055426	73.35453286	64.1156032
0.3181375	48.89374501	46.73976651	52.12071386	49.6376893	60.45933247	64.09325731	62.13557227	70.68395261	64.17359826
0.3243625	49.04108688	48.5579286	55.4633743	52.83310783	66.87136996	71.81558301	70.26234865	80.48963469	66.24188468
0.3305875	51.89639822	50.20015975	60.08823709	61.01660778	80.69965654	87.779989	91.47684772	102.6714586	95.37481069
0.3368125	48.420998	48.57781004	55.93660068	57.55901889	71.08768286	77.2267184	77.93970054	85.73220887	87.27965999
0.3430375	45.86936808	46.33994897	49.31185999	45.09967954	54.3221629	59.4179023	61.46856384	68.06531818	61.60459683
0.3492625	46.04884702	43.72328281	50.06127341	46.32902798	56.34673483	60.45508916	57.16841365	64.56936222	56.69577987
0.3554875	44.77351736	43.17979673	47.87031526	46.57240991	53.31272743	55.58470838	53.28872504	60.36460679	50.38891518
0.3617125	44.1862642	42.15905073	46.52709695	41.2311763	51.35609337	52.24635756	50.17917606	56.12649979	49.02029297
0.3679375	43.03596572	40.85701564	44.17571251	38.25915755	48.33588685	50.37972225	47.33628491	51.92242721	45.10537263
0.3741625	42.15877537	38.23484002	47.33340665	39.36136694	48.99103227	48.01528542	44.96808002	49.93222494	43.40506224
0.3803875	43.08648096	41.32683533	44.18547771	39.54085224	46.23344313	48.51236128	43.1849496	49.49245513	42.89450389
0.3866125	43.04531117	40.15033079	45.0493806	41.41722028	46.47613889	47.15051059	45.40542177	48.74099416	44.3348258
0.3928375	41.84082256	40.92154482	43.01795473	40.80833845	46.64605398	47.0082071	44.24324382	50.61896441	41.80866827
0.3990625	40.65131071	38.39060409	42.02894456	38.38497768	46.76189508	45.58290465	41.45023576	45.71033828	41.81145138
0.4052875	41.28812001	37.75860022	41.23377488	38.85369437	45.22754642	44.24123188	41.73771506	48.04061429	40.61355782
0.4115125	38.53164885	38.79377937	43.382338	38.71882883	45.83346553	45.3265067	42.38289566	48.51846003	42.40192635
0.4177375	40.33055351	38.94763208	42.74227469	38.55187539	45.41396136	44.70470863	42.1009354	47.48377549	40.72450855
0.4239625	40.15052217	35.98367367	40.02877677	35.56108072	43.42100596	43.66215175	41.04276768	46.35389936	39.89780309
0.4301875	38.73400349	37.18866557	39.67998198	37.60641526	42.86201075	44.99136632	40.97647443	45.35440865	41.41367649
0.4364125	40.16601627	36.65414691	41.56937846	36.60266393	45.22514977	44.62827435	42.38098438	46.51637762	40.95401373
0.4426375	39.35735859	36.26511416	40.12458617	36.02271396	44.10974556	47.72077721	43.94222499	50.0771592	43.36620268
0.4488625	40.97345524	38.03022397	43.28823605	41.47358032	48.96992246	51.36370466	48.03639024	57.20233982	61.74091606
0.4550875	39.84036332	38.64321191	42.61979924	40.83172231	55.04739498	63.86694656	64.64290667	75.57878291	81.30611615
0.4613125	41.36532055	39.97490658	44.25923444	44.21301395	59.42064196	66.56046861	69.8228159	78.68727796	65.52890434
0.4675375	40.38174476	37.91506726	44.95940693	43.87997535	52.96629324	57.66414621	56.66930325	62.43118762	51.40357657
0.4737625	39.10978308	38.16890114	41.87579804	40.70308182	48.19403537	47.87575763	48.40676704	52.59110555	47.79962847
0.4799875	37.80375524	35.4699221	39.24465819	36.83935974	45.71386038	46.47870454	45.10383683	50.75618209	44.80543119
0.4862125	37.32653295	35.13659317	41.7253935	36.65461902	44.87197448	48.75127805	49.30432672	53.88062746	48.54023721
0.4924375	36.73025548	35.48637312	41.1476174	36.69741309	45.92177047	50.13521088	51.20303216	55.68511509	48.80638694
0.4986625	37.23105082	34.75258554	39.85627201	36.81621587	45.38690672	48.41126663	46.11127024	52.31991083	47.78314507
0.5048875	36.5507505	35.41853941	40.10843224	34.66047167	42.75523718	47.06643197	45.05873981	51.76791756	54.34416342
0.5111125	35.31340386	34.96310358	38.51809386	36.68794466	43.02716418	47.42215605	47.56226926	56.5189419	57.61034838
0.5173375	36.1901468	34.66323254	40.32535619	39.29440114	49.16132846	52.55252404	51.04169396	58.56612838	49.53667897
0.5235625	36.21861851	35.47061649	39.20008977	40.15617827	48.04807799	49.96793136	50.30595052	55.0588041	44.84192634
0.5297875	36.5076769	33.13418852	39.04214764	36.27085669	43.47917322	47.51473907	46.49306121	50.83380962	44.75136178
0.5360125	36.04981033	33.65994875	37.75329733	35.53863048	40.29277503	44.25500291	44.15083678	50.14289239	48.26673236
0.5422375	33.26149889	33.89143936	35.45531653	34.83226362	41.55879565	43.27722325	42.88699084	47.93485444	47.06483353
0.5484625	34.18362162	35.90389148	36.00376875	35.03704493	41.56409436	43.74641395	42.02563553	48.45063941	43.1710992
0.5546875	33.37762914	32.16413975	36.33879521	34.0995848	39.47153492	41.85251213	39.29184461	45.78265234	39.34488565
0.5609125	33.13566056	32.39764065	34.92039099	33.15233825	37.95802927	37.90822423	37.77930592	41.71464063	35.42009124
0.5671375	32.73510917	30.87333013	34.1673048	31.87056462	37.26301499	36.64732284	34.42616441	37.92968588	33.75965736
0.5733625	32.86580472	31.64562634	33.4583629	31.62762585	37.52457988	36.71726555	35.24968058	38.26382049	32.43865847
0.5795875	31.4909114	30.36418786	35.03885035	31.51880295	36.1218611	36.35806453	34.70821526	37.77578615	34.35367026
0.5858125	32.23287284	30.93260093	33.51440225	30.70485951	37.67259173	35.89748188	35.34031812	37.8938181	35.09949441
0.5920375	31.74502145	29.99303588	33.96076262	31.60973598	35.80273675	36.65116479	34.61176786	38.12338794	34.43906627
0.5982625	32.23765265	30.67421981	33.90457641	29.2583175	34.14411796	34.27310969	34.03938556	37.2891935	33.50210908
0.6044875	31.72218166	31.19639273	33.74396837	31.14007573	34.83098386	36.92527152	35.42081396	38.72312978	34.01958867
0.6107125	31.5991795	30.62730781	34.25907794	31.53856684	35.12041934	35.5478054	34.84494132	40.14994247	35.52640081
0.6169375	31.05104656	31.47655143	33.9248982	32.25333302	36.8032367	37.06372019	36.29998761	39.92921823	38.75165367
0.6231625	30.84391014	29.6122737	33.42951802	30.02236784	36.8051778	36.84392983	35.35325036	39.52049096	39.90286943
0.6293875	31.41141992	31.25627913	34.21520306	32.00018832	37.52619264	38.74803567	36.26840762	42.68442965	41.75984675
0.6356125	31.2487211	30.89511268	34.38600797	32.33004165	38.73907218	40.861203	39.87920133	45.82223516	40.45115327
0.6418375	31.12155367	30.2632756	31.92170837	31.28327158	37.38734259	39.91673546	39.79240637	44.7458414	34.6946878
0.6480625	30.79995354	29.86630243	32.23973822	30.97216648	35.69799988	37.33188498	38.77733655	41.61719628	33.92643467
0.6542875	29.63430127	28.7086589	30.79377021	30.29122679	34.27025366	34.72214324	32.38923451	35.8558449	32.79285528
0.6605125	28.80697808	29.39269479	32.29365537	29.32296255	33.40379323	34.86809316	34.31613241	36.19086523	32.34652555
0.6667375	30.2221272	29.24736127	32.13012598	29.59348635	34.18200046	33.8585755	33.34493263	36.84031807	33.09765665
0.6729625	29.49227873	28.43829351	31.45427137	29.37888415	33.97152768	35.82730861	34.40853738	38.25451105	35.10780813
0.6791875	27.88697605	28.42315348	30.08037722	28.14755482	32.57112617	33.31840849	33.14231	35.90249699	32.59229815
0.6854125	28.46654353	28.4648209	30.56646387	28.38782896	33.74680971	34.4023744	32.73754758	36.03669782	32.49091767
0.6916375	29.17457787	28.57012462	29.44895698	27.28529412	31.4244163	32.87291023	31.48616002	34.18370839	31.70033094
0.6978625	29.74431343	27.53902181	30.81069616	28.43917884	31.90198162	34.45706879	31.54003709	34.79113986	31.45517356
0.7040875	27.77016493	27.95877413	30.23753028	27.35387078	31.61416132	33.00149465	31.53000817	35.33496185	31.05510806
0.7103125	28.53700234	27.07013344	28.51689776	26.97589663	31.07361532	30.80002352	31.21868502	33.20357032	30.29320677
0.7165375	28.3548573	27.08637255	30.10054284	27.54305998	32.6000831	31.71942455	32.93870643	35.79171666	30.72079696
0.7227625	28.74013983	27.81644546	30.1164178	27.9602248	34.17711399	34.74399345	33.87382088	38.29077472	34.03361473
0.7289875	28.20636263	26.45359467	29.25144175	29.21375232	33.04003024	33.77703127	33.68443102	37.57849776	35.41853174
0.7352125	27.09652469	27.69693065	29.82770861	28.73669286	31.51255427	33.368086	32.51274301	36.0574274	32.53628342
0.7414375	28.20905038	27.47108982	31.58391511	28.89606707	32.79694496	32.14726988	31.92581487	36.41000102	32.86577424
0.7476625	31.64893987	31.90610097	32.89291161	28.22771418	32.26266613	34.1363522	33.26957226	37.55225652	33.59949969
0.7538875	28.38745935	27.76270128	29.51270247	27.39781815	31.34408335	34.24528832	32.66524524	37.07108635	32.22997775
0.7601125	26.35656109	25.8131423	29.69530777	27.24611099	30.84300657	32.57640571	31.98235596	33.51139154	31.10571536
0.7663375	26.34157269	26.49962584	27.32654195	26.93115355	29.9029356	30.13207057	29.51942455	32.41679103	29.71103688
0.7725625	26.74409999	25.53571353	28.54495449	26.58125741	29.95929558	30.95528647	29.97311713	32.79663118	29.72228056
0.7787875	26.23383826	24.3575493	28.83814058	26.66381489	30.09679334	30.73228296	29.77909916	32.94239299	28.78934035
0.7850125	25.92546565	26.2779444	29.2943387	26.67337196	30.93287297	30.77136484	30.23114069	33.4626475	30.2085974
0.7912375	26.07845346	24.03013306	27.20422456	25.41746441	29.74367424	29.95071879	28.55121592	31.89840126	29.83817033
0.7974625	26.64468084	25.23319037	27.68993061	26.79284077	30.76072024	31.58862083	30.84263466	33.79695917	30.10825191
0.8036875	26.44954325	24.90938627	28.48068164	26.23999024	31.93045712	32.05239789	31.5368477	34.92978399	32.31982282
0.8099125	26.02961311	26.24156001	28.1027577	26.54507408	31.67159477	31.75334551	30.62901162	32.91613295	29.88626594
0.8161375	25.54165683	25.08295187	27.51050121	26.19995091	30.57523106	30.62432968	29.60080034	32.56608411	30.25078649
0.8223625	25.02409178	24.87072926	27.36840365	26.27053088	29.34714004	30.31662065	28.88612214	31.64552173	28.25795329
0.8285875	25.04182795	24.26546587	26.91268597	25.58382808	30.96076335	30.40909884	30.21969807	32.04227368	28.97849101
0.8348125	25.19892988	24.95239849	27.82603373	25.65400507	29.72289614	30.45888664	29.41882588	33.11462511	29.96375409
0.8410375	24.50288467	25.49550498	27.11084995	25.81640535	29.61067485	29.97901039	29.9705904	32.19400606	29.87606213
0.8472625	25.00675584	24.75300828	25.69187624	25.57146531	29.53285138	29.06797612	29.03303862	30.38227232	28.74043093
0.8534875	24.72361578	24.87510691	26.8591366	24.70571628	29.53283233	29.87034697	28.67096291	30.85745728	28.19319691
0.8597125	24.6773779	24.42173022	26.87614549	25.55721745	29.77108207	30.28562653	29.33705221	31.84977356	28.68450186
0.8659375	25.39422377	24.14521522	26.39206388	24.65731817	28.91850017	29.62893017	28.57110483	31.31753207	29.51498333
0.8721625	24.79332721	24.14724135	25.95588014	24.48570925	28.33308302	28.94199753	28.69234038	31.20052662	29.56071271
0.8783875	23.32247911	23.51189963	25.38554456	24.12554106	27.89771048	28.54586547	27.14706224	29.55363175	28.4909285
0.8846125	24.19054926	24.23738021	25.73435906	24.60824166	28.16936367	29.00235123	28.72928653	31.03722543	28.00301433
0.8908375	24.41820751	23.21200592	26.43516091	24.75633871	29.01218479	30.17718027	28.72428311	32.37396899	29.00913888
0.8970625	24.9274872	23.71415206	25.96579618	25.30025236	29.09735433	28.58643947	27.23619494	31.61238469	29.85999436
0.9032875	23.89452707	23.36020397	25.94616066	24.41097521	28.45702919	28.73022039	28.59360126	30.30882088	28.78596458
0.9095125	23.3946354	23.81191511	26.29968641	24.62936747	27.82318635	29.00471869	28.89771367	30.69831797	28.81881071
0.9157375	24.01332062	23.76323121	26.10968754	25.51523408	29.48800268	29.18429224	29.93309349	31.16886837	31.25545866
0.9219625	24.72043575	24.40613385	26.10178585	25.2535019	29.68953991	29.56960342	29.42620504	33.00635172	32.18195736
0.9281875	25.297381	23.82608238	26.18372459	25.76803046	29.38793006	29.9011558	30.54981816	33.0856853	31.19150608
0.9344125	24.70648765	24.16735984	25.84095943	24.97610478	28.61468231	29.09632246	30.01046473	32.20730103	29.90342686
0.9406375	25.62589818	23.53641047	25.80964759	24.96517296	29.66461966	30.82900548	30.24679074	33.23627999	29.73682581
0.9468625	23.99586235	22.96543274	25.66762286	24.65204176	29.14709587	28.86588339	29.54602707	33.15644808	30.11010842
0.9530875	24.56945389	22.56151301	25.77665582	25.18478704	29.23595726	30.32325354	28.79430915	32.03832973	29.27234326
0.9593125	22.81589536	22.98107694	24.7649286	23.92368544	27.81304355	29.18475308	27.61886801	30.6708071	29.31404797
0.9655375	23.00676586	21.99494358	24.52138817	23.73545874	27.56645689	28.31406743	27.81767286	30.17753708	28.6705755
0.9717625	22.91086668	21.80609492	25.3461616	24.50345473	27.54985721	29.00077634	28.27480201	31.6699847	29.9486249
0.9779875	22.65784669	22.61492266	25.53227495	24.28924206	28.08419318	28.12868063	28.14114792	31.50739778	30.61006481
0.9842125	23.29925228	23.06718772	24.55773364	24.89489853	28.59208117	29.88052288	29.04237512	30.9223685	29.32796455
0.9904375	22.28424401	22.32447061	23.77907361	23.82106763	27.14801297	27.89582714	27.60116247	30.36299554	28.56043929
0.9966625	22.94959356	22.28132423	24.91363547	24.09094686	28.1689382	28.75517182	28.40872097	30.78119862	29.09379019
1.0028875	22.85833781	22.46349644	24.62758556	24.58190798	28.92894677	29.29651052	29.13192421	31.72803212	28.87662651
1.0091125	21.6304562	22.59880295	24.41317316	23.80021969	28.18093808	28.72774194	28.8396293	31.89847061	29.21622709
1.0153375	22.50302552	22.73093137	24.46333921	24.52266973	28.38733547	29.70620127	28.90507794	32.0557824	29.19711873
1.0215625	22.04854946	21.45556629	24.28644283	23.92748051	26.35490433	28.48210073	27.23936255	30.38327914	28.26437225
1.0277875	22.37256523	22.37458973	25.14163398	24.01085199	28.55329069	29.47170784	29.16421243	31.78937138	30.75992512
1.0340125	23.08553693	22.57356085	25.37815612	25.08508794	30.16218542	30.73230687	30.72510504	33.65281384	32.20863922
1.0402375	23.57024646	23.14830836	26.29503458	26.55639994	31.96375142	32.33503527	33.87862625	36.51793148	36.05335759
1.0464625	23.93852062	23.70193518	26.0818853	27.52788482	31.74920059	32.63538022	32.85030243	34.49278377	34.0038515
1.0526875	23.30268083	23.76215983	26.23972099	26.67429042	31.11786254	32.99216284	33.08472517	35.99358659	34.20928098
1.0589125	21.4054074	22.80959974	24.38296843	24.88800283	27.52886791	29.33069336	29.17640784	33.19766129	30.39169795
1.0651375	22.0304625	22.37588649	23.87827503	23.63692266	28.06854585	29.09624543	28.99784374	31.01010094	30.32675957
1.0713625	22.46720086	22.19022378	23.70622716	23.65534581	27.81857479	28.73218656	29.26383114	31.28001744	30.56739596
1.0775875	20.63555948	20.44996166	23.66759392	23.15925545	26.52011626	27.58379781	27.22934083	30.322832	29.88345367
1.0838125	22.00406632	21.80108367	24.23047041	22.70010813	28.68172804	29.06650232	28.7519014	32.14040541	31.27823262
1.0900375	21.50709015	21.73048464	23.64970447	24.65025485	27.93863483	30.42932579	29.62174209	33.08181605	30.78666306
1.0962625	21.52997884	21.66889518	24.61514765	23.11716449	27.78219647	28.87536682	30.35912521	32.9987868	30.72267012
1.1024875	20.7412989	21.33951879	22.87786063	24.18338475	27.10183623	29.73309461	29.03303542	30.37639599	30.4149676
1.1087125	21.58582589	21.41762396	24.10344401	23.9051584	29.17056051	29.78470603	30.01970188	33.53086604	32.66502173
1.1149375	21.65758226	21.58816413	24.34696812	24.28659563	28.13042821	31.52067499	31.53880968	34.92504145	34.77650121
1.1211625	21.03897868	21.70484858	24.41569425	24.67154735	29.46744717	31.3524834	31.54133851	34.56735631	35.48798654
1.1273875	21.6005987	21.64497242	24.81953673	25.11085019	29.66514778	31.10678226	32.11945285	33.94615374	34.84188847
1.1336125	20.85605814	20.87823313	22.42891356	24.11902777	27.65789503	29.93414123	29.48432498	32.0820282	31.95204483
1.1398375	21.54900052	21.09884339	24.45282599	24.45256261	28.48069114	30.13669426	29.90374633	33.64826031	32.95476473
1.1460625	20.64565744	20.90212295	23.51427615	24.05456863	29.07945355	30.09344887	29.98440294	32.68866121	33.38740902
1.1522875	21.47022013	20.98216564	23.65694473	24.74118761	29.56209337	30.01080864	29.93634965	32.13008036	33.4105911
1.1585125	20.84615624	20.58112797	22.96362685	23.14703522	27.19528372	29.26583438	28.8645775	30.78612319	32.80000188
1.1647375	20.69217839	20.47346264	23.06443974	23.76380185	28.6742918	28.82612934	29.13672177	32.51482363	32.58954982
1.1709625	21.38622106	21.08854577	23.64967162	24.02317936	28.89017877	29.92409291	30.12375962	32.197711	32.6850914
1.1771875	21.20141843	21.02800045	23.66481117	24.46909098	28.52838339	30.06180673	30.8408897	33.41662892	31.38913158
1.1834125	21.30292101	20.97801317	24.2623611	24.62129725	29.20188794	30.8409347	31.33643256	33.90558513	31.32780724
1.1896375	20.06636145	20.45138883	22.63051668	22.87954543	27.62911217	29.49898579	29.68885155	31.60838018	29.53688666
1.1958625	21.42834161	21.18189938	23.16444775	25.35919122	29.49990665	30.48252649	31.33073295	33.6467195	30.29778891
1.2020875	20.74745471	21.35146745	22.93609669	24.819617	29.63595841	30.53844086	30.78444829	32.95647486	29.93144588
1.2083125	20.87032367	21.08147494	22.95013235	24.4943438	28.65400372	29.93629065	30.05369471	32.98791924	30.50411361
1.2145375	20.00909377	20.13762374	22.54799161	23.76617545	27.92575554	29.26323609	29.33578507	32.16830077	29.42487249
1.2207625	19.85501945	20.96003299	22.90747992	23.05806113	28.65074927	29.28204777	29.06099202	30.60563834	29.89989021
1.2269875	20.47017836	20.66037207	23.59907945	24.63002488	28.77106058	29.79901687	30.39359538	32.59438649	31.49857908
1.2332125	21.23803609	20.2418783	22.87425907	23.42772195	27.72021771	29.86189329	30.1709195	32.43131294	31.70617991
1.2394375	20.63093432	20.81996486	23.19677395	23.61665393	28.63689615	30.38839185	29.89166627	32.9534307	31.72755395
1.2456625	19.83020227	20.08868151	22.09610532	23.29986338	27.86481975	28.38145033	28.12070627	31.21609256	30.30380676
1.2518875	20.61999608	20.596652	23.15465718	25.23701138	28.91737666	29.75406895	29.85424154	33.85866921	32.45614608
1.2581125	20.78172801	20.86137523	22.93676681	24.52660732	27.70652489	29.70822854	31.15233239	33.90695488	32.50097449
1.2643375	20.33116353	20.91035356	22.55168771	24.26484599	29.10317781	30.85166564	30.85566209	34.23677289	33.89173844
1.2705625	20.63898439	20.58267698	22.20136008	23.85458302	28.42353406	29.85564674	30.72268261	33.41946046	31.9385331
1.2767875	20.34222572	20.06483883	22.21713644	23.57087278	28.00974037	29.47726124	29.60748139	32.64951048	31.29362507
1.2830125	20.29527964	20.44330153	22.70658177	24.74955449	28.29187707	30.67423623	31.12050974	33.16147967	31.63459735
1.2892375	20.15740476	20.7914585	23.06878413	25.08331275	29.14075708	30.20271769	31.76489893	33.74205753	32.89337644
1.2954625	20.41849515	20.88544529	22.95742207	25.30863125	29.47184336	30.1739246	32.04455652	33.9372478	33.35768618
1.3016875	19.72073788	19.91732216	22.26197629	23.58158538	28.64442236	28.83116379	30.16132425	32.1363637	32.10696329
1.3079125	19.83127396	20.8875867	23.66160988	24.00330345	29.14422861	29.76626688	31.12862918	34.54047343	33.31827256
1.3141375	20.53263158	20.48758637	23.32032323	24.70170596	29.12387831	31.16567915	31.92010768	34.61899846	33.64809042
1.3203625	20.0231279	20.35625788	23.14990713	24.93776919	30.03665998	30.94012247	32.86099647	34.74001061	32.89945143
1.3265875	19.43934485	20.3790528	22.78031347	24.33344224	29.0045661	30.00092171	30.63644811	34.24593601	31.83101387
1.3328125	19.38488964	19.95963687	22.41953855	23.99706442	28.15883304	29.77201291	30.75681867	32.95328629	31.17614932
1.3390375	19.60404231	20.32991211	22.91267621	24.52869576	30.56507124	31.07711915	32.02420819	34.2684895	32.50109309
1.3452625	20.29988056	20.31721661	23.21122416	24.99736298	30.0087234	31.41652408	32.64436362	35.40207322	33.20438136
1.3514875	20.3611949	19.6304397	22.26992443	24.64619608	30.18936214	31.68185731	32.24589216	35.12970137	33.47738494
1.3577125	19.56285263	19.3365723	22.43182478	23.31577908	29.08037992	30.33545881	30.75159309	34.06688819	31.7537101
1.3639375	19.97353881	20.75555309	22.28017907	24.50998691	29.24961798	30.54518142	32.11528254	34.48155793	33.46903697
1.3701625	19.7510971	20.34314761	22.82687831	24.78138162	28.96161165	31.1135604	31.52081281	34.43037955	33.09727791
1.3763875	19.7599589	20.00994756	22.27101923	24.54536574	28.95711997	30.95671042	31.40124382	33.94346517	33.41589555
1.3826125	19.33867836	19.98322946	22.06881752	24.15014507	28.83696792	30.27609236	31.35321468	33.63508093	32.45476537
1.3888375	18.77104514	18.9251904	21.4179365	23.81931472	27.91839108	30.12077675	30.53776	33.23029015	32.16108503
1.3950625	19.10392112	19.9948825	22.28375853	24.5519105	29.30659531	30.96130722	31.12206638	35.23117932	34.75952016
1.4012875	19.81274474	19.86013315	21.6807206	25.04765186	28.98034187	32.06992224	32.44849779	35.30195478	34.53511088
1.4075125	19.71613326	20.064095	22.23916221	24.37296712	30.45986035	32.16426371	32.34130377	35.20789807	33.89920614
1.4137375	18.84698222	18.84124264	21.83492891	23.78588303	27.76793874	30.04109943	30.67036871	32.7521801	30.89763863
1.4199625	19.30609576	19.87544674	21.80262937	24.72877379	28.49294265	29.8199646	30.58174206	33.19003521	31.68222847
1.4261875	19.06985356	19.91581194	22.4790006	24.20188366	28.61205519	31.48171269	32.56419044	33.56768949	31.50608498
1.4324125	19.2169595	19.56473951	21.58034081	24.14092687	28.83941658	30.20321139	31.11165862	33.04457017	31.36079252
1.4386375	19.11913291	20.14025899	22.30895457	23.87361576	29.11150165	30.65865185	31.66029868	34.60556762	32.26570236
1.4448625	18.54307029	18.90757796	21.16350655	22.92906829	27.81696525	28.74352728	30.09903775	31.91774355	31.17095179
1.4510875	19.51875473	19.4222817	22.23276248	24.45254442	29.48097067	31.6261603	32.50253832	34.7726088	33.77896674
1.4573125	19.21547095	19.98904581	22.75462106	24.44915426	30.30062001	32.56698911	33.41648368	36.69161972	34.83485093
1.4635375	19.06343093	19.4550879	22.85693412	24.48945643	30.94555041	32.33659242	33.93764687	36.33760953	36.4049289
1.4697625	18.74459464	19.18142738	21.54063407	23.66174421	29.12280002	31.80059498	31.7495989	34.77113673	34.10407297
1.4759875	19.38162763	19.71660755	22.94912616	25.01809295	29.54930669	31.5322255	32.64329388	35.18234411	35.22824793
1.4822125	19.43219938	19.95671078	22.30223491	25.51653283	30.14373456	31.32455427	32.31126657	34.66391059	35.69139713
1.4884375	19.65300176	19.77689005	22.08100014	24.90183214	29.36119609	29.97417733	31.96328104	34.27515259	35.58905435
1.4946625	19.39697001	19.71321884	22.72181571	24.23029567	29.11363363	30.01066682	31.64775261	34.52630513	34.94562506
1.5008875	19.49342432	20.43609306	21.18293404	22.89723898	26.75823334	28.25937066	30.11262365	32.52788771	32.22937616
1.5071125	19.99317802	20.55122802	22.63221842	22.80570565	27.79854994	30.55632173	31.957986	34.785015	33.24547761
1.5133375	18.82456567	19.72873515	21.88355872	23.92112437	29.09951403	31.11649247	32.21003958	35.21483176	32.24789254
1.5195625	19.19348766	19.85821136	21.87450131	24.15413335	29.02664917	31.50578532	33.12605967	35.37111523	32.02547657
1.5257875	19.94379596	20.9864223	22.61338361	26.16028976	30.2077303	29.57170301	30.57553535	33.08998197	30.64381597
1.5320125	28.9092862	30.95321944	33.60760603	38.13588927	33.16464833	30.35914104	31.77526981	33.17996691	30.72594368
1.5382375	64.31759739	66.16619261	59.94043139	46.96419587	32.3491066	30.16511114	31.4379166	33.87781676	30.81367551
1.5444625	89.25286323	84.6920708	73.29563405	39.5459106	29.69332879	30.24610356	31.4663368	33.25712923	32.5187999
1.5506875	55.27010556	47.26836571	34.91007794	26.42367967	28.26646237	29.9318937	31.49673474	33.14904503	32.49029104
1.5569125	24.91424	22.59037146	22.32138596	22.69285195	26.90302232	28.16152434	29.62514665	30.92384316	30.58240637
1.5631375	19.57503937	19.49290729	21.15978683	23.41444006	27.74985996	29.82860173	30.70116375	32.73854581	32.20905764
1.5693625	18.44987702	18.8797399	20.2178301	23.84275541	28.09230461	29.45056829	31.06875464	33.31660928	32.49284892
1.5755875	17.78116661	18.58947502	20.70435546	24.04866528	28.5010023	30.23904254	31.54479459	33.67156718	32.80751987
1.5818125	17.09404359	17.62039029	20.02946001	23.53580437	27.21519972	28.41493023	29.69432188	32.25502743	31.76022806
1.5880375	17.16877265	17.58169844	20.65457075	22.91122104	27.58063	28.29016797	29.79349058	32.24188478	32.8078146
1.5942625	17.70618429	18.6652387	20.91114149	23.80254767	28.1799845	29.39296667	30.94561184	33.11434099	33.70188468
1.6004875	17.69515307	18.50860251	20.21998547	23.01721954	28.4449582	30.38804797	31.72114394	33.44316227	35.75865118
1.6067125	17.21112908	18.22306266	21.00353674	23.88874896	28.0533642	30.57311931	31.68331788	33.81775413	35.29641446
1.6129375	16.74130671	17.3851405	20.20723068	22.10900326	26.93042873	28.67923193	29.93490142	32.57773989	33.33498684
1.6191625	17.31836652	18.22770031	20.40690357	23.74432068	29.00255349	31.45835464	31.99755312	35.09726157	35.75443175
1.6253875	17.74997889	17.72273217	20.27398657	24.2001006	28.73354765	31.79159355	32.65831458	35.45202367	35.04270151
1.6316125	17.55125712	18.010979	21.06184758	24.60951249	29.84642767	32.02503348	33.48037119	37.28404421	36.95909542
1.6378375	17.70617732	17.38374785	19.82719002	23.71132068	29.41883354	32.13821354	33.70713946	36.25604537	36.7251155
1.6440625	17.12561984	18.10868173	21.03398537	24.41831202	30.11405584	32.98218014	33.929278	37.43795543	37.77894101
1.6502875	17.85290306	18.68520204	21.56412859	25.04206885	30.66912479	33.55486507	36.18071054	38.29381609	40.36162365
1.6565125	17.43985532	18.47052005	21.45037699	25.24964144	31.02856661	33.93375642	35.92695828	39.81515508	40.60792303
1.6627375	17.68947295	18.25944849	21.19398717	25.07222856	31.02819622	34.55683178	36.37178762	40.29161414	39.7810548
1.6689625	16.99818218	17.46898186	19.94831359	23.72713797	29.47558606	31.9107551	34.78283454	37.00656239	36.64038113
1.6751875	16.87499668	17.79557262	20.62259063	24.7535487	30.3347766	33.79581511	36.50427261	39.48554303	37.4066907
1.6814125	17.19496331	18.4718561	21.16428007	25.05130234	31.353034	34.61947833	37.44393297	40.87561597	37.95442128
1.6876375	17.46715276	18.11555443	21.44268636	25.20188363	31.34728197	35.58955891	37.64388896	41.1991928	37.83912597
1.6938625	16.86246581	17.33875728	20.43000881	25.14893351	30.65952517	33.52051113	35.97132031	38.82646055	36.43828419
1.7000875	17.55881156	18.44011746	21.567052	25.02857281	31.26330225	34.4764677	36.70325272	38.99660082	36.64185512
1.7063125	18.52947523	19.78826061	23.84612306	27.26618171	32.34663975	34.33423284	36.55103506	38.58950408	39.525355
1.7125375	20.35940493	22.4457457	24.94147073	27.18041445	31.83743536	34.14420342	36.14452053	38.81507188	39.19707028
1.7187625	22.06707126	25.09758712	25.16826828	27.19278211	30.71606044	33.39314136	35.69204436	38.36852771	41.38951541
1.7249875	21.68852459	20.84832606	22.10842607	23.32217951	28.79978053	31.41735241	32.9864709	34.80907313	39.95989186
1.7312125	19.33047754	19.18501486	20.93162978	24.49341731	29.75694213	31.18407468	33.93284753	36.85308374	43.51714416
1.7374375	18.31482643	18.18938422	21.09774233	24.46418113	30.0075308	32.50387503	34.56173226	37.57655052	43.48110294
1.7436625	20.08438981	20.66164433	22.66433318	26.61949117	30.99681874	32.84697225	35.52390644	39.37797494	42.87277837
1.7498875	33.10085955	27.92073461	27.1811808	30.19175528	32.05560689	33.30525776	35.04674334	38.69212777	38.46012904
1.7561125	25.92352021	25.82452918	27.13374607	30.87513002	31.4802857	33.8824095	35.8471979	40.02050694	36.18742672
1.7623375	23.88047569	24.52380567	25.77126796	29.2817874	33.8603542	36.26500447	38.5009364	41.64698868	36.18602191
1.7685625	19.29450153	19.72180835	22.34968061	27.86060712	34.38210173	37.07141803	40.38498558	43.09113257	34.84139458
1.7747875	18.02735185	19.28926944	22.6183195	28.50980286	34.63278462	37.73588745	40.78432108	44.14582364	34.61678094
1.7810125	16.642871	18.23818337	21.35490546	27.51650927	33.07039928	35.65326124	37.52361354	39.97232609	31.88274377
1.7872375	17.4935986	18.13779805	21.69133823	27.6614068	32.60850462	35.41436585	38.62364158	39.3519123	33.27683538
1.7934625	17.30822985	18.36208314	21.73843231	27.47603893	32.18644081	34.16483723	37.58782653	38.39747906	32.39590179
1.7996875	17.6505869	18.82323179	21.02925758	26.48640275	31.29388256	32.94770055	35.35206655	37.11888375	30.91037733
1.8059125	16.70040341	18.26069313	20.57635234	24.51761126	28.93682258	31.22773933	33.42514351	34.88842815	30.24451378
1.8121375	16.24976215	16.79142438	19.53259017	23.08337603	27.25178615	29.56793977	30.98146787	33.06818118	27.92300348
1.8183625	16.18747635	16.84909374	19.33540379	23.54791354	28.03122408	29.3216653	30.96140056	33.14321627	28.55800504
1.8245875	15.46861014	16.21927263	18.81692635	22.82771067	27.6726456	28.93951085	30.27011022	31.6283288	28.73744295
1.8308125	15.41897574	15.80929028	18.9380192	22.37447064	26.62182426	28.65968797	29.86739544	31.06926044	28.25389266
1.8370375	14.48120647	15.40115807	17.46851982	20.76125	24.64840545	26.03039822	27.4077926	29.35971159	26.03590643
1.8432625	14.81646762	15.41987867	17.63365188	20.53067163	25.54212292	26.97137907	27.7305649	29.80887732	27.01778386
1.8494875	14.98002633	15.26466975	17.95531426	20.89917315	24.72322276	26.8306825	27.68085134	28.95791019	27.67705076
1.8557125	14.9214876	15.51540582	17.7193046	20.24919682	24.83660723	26.4998542	27.923209	29.2975047	28.06644053
1.8619375	14.97460181	15.30584683	17.98491702	21.07688977	24.34424435	25.85437264	26.91469432	29.03771241	27.05454023
1.8681625	14.11928013	14.81163439	16.89463211	19.43444442	22.80730605	23.64389617	25.27154662	26.46577378	24.73029385
1.8743875	15.48308977	16.15148927	17.70290446	20.54065415	23.65438717	24.88614784	27.1535657	28.39257188	26.81095782
1.8806125	15.23600955	15.84487297	17.58092902	20.50843572	24.62315052	25.82992875	27.24731149	28.53257521	26.55613368
1.8868375	15.39582447	15.88413008	17.58724565	20.69010505	24.44825203	25.80126972	26.42662699	28.54504893	26.65663976
1.8930625	14.26430962	14.19555245	16.477409	19.21139819	23.34733949	23.63368993	25.57580017	27.03516956	24.47538401
1.8992875	14.40142986	14.91447654	16.5992802	19.51090507	23.63485336	24.56725312	26.38835209	28.05811449	26.798566
1.9055125	13.99533522	14.46922198	16.69750766	19.37125605	23.44402192	25.40683584	25.98620923	27.79240563	26.20096302
1.9117375	14.34779641	14.71648282	16.98886479	19.11309159	23.27317218	24.8810202	25.90048265	27.72080877	26.14711939
1.9179625	13.96070074	14.46025569	16.506894	19.2809152	23.23490066	23.99860925	25.87846799	26.77096401	25.12288977
1.9241875	13.26496744	13.75642829	15.42442022	18.15851745	21.33218525	22.48080175	23.38718668	24.46530079	23.38845827
1.9304125	13.56295073	14.38327458	16.52425801	19.02662721	22.3730727	22.70199911	24.36065262	25.22661046	24.49537286
1.9366375	14.03902432	14.46411436	16.28403776	19.20908755	21.71959953	23.17956614	23.56682365	24.99433325	24.45999851
1.9428625	13.57771557	14.1904154	16.66812858	19.27907825	21.53410819	22.48030205	23.48743225	24.33948667	24.05243057
1.9490875	13.3833766	14.14143326	15.84066207	17.72002716	20.64248749	21.64512598	22.0599624	24.01182237	22.34327099
1.9553125	13.62357399	14.04316457	15.18360349	17.9370191	20.74758231	21.35062889	22.07245986	23.83715355	22.29356071
1.9615375	13.29120598	14.11640733	15.44358909	17.47336635	20.61042613	21.36805841	21.87262083	23.85322985	22.41677476
1.9677625	13.11193456	13.16955884	15.34960077	17.73019089	20.71746458	21.34549293	22.43612373	24.17153284	22.04515732
1.9739875	13.16210227	13.87508053	15.30351308	17.81511372	20.62362156	21.40110116	21.91297217	23.51415462	21.64358129
1.9802125	12.54067722	12.93853586	14.95068173	16.81277046	19.07855739	19.42708034	20.0851604	21.27225589	20.34329811
1.9864375	12.70556375	13.52492347	15.13765554	17.33335032	19.85645791	20.50324004	20.87907582	22.6393147	21.33176337
1.9926625	12.84533769	13.64053679	14.9429026	17.39971493	20.07889967	20.35720001	20.8320721	22.60009056	21.05665977
1.9988875	13.62367052	14.68450291	16.28529448	18.77429546	20.71961902	20.69832353	21.02106615	22.11636195	20.56722903
2.0051125	16.44542535	17.61637475	19.71744804	20.55902764	19.91960927	19.37961348	20.04684695	21.1640523	19.35332101
2.0113375	25.84097298	27.83048901	27.63294362	26.02175996	20.32624155	19.28207496	19.7774134	21.19019524	19.46745694
2.0175625	40.98612757	34.38663147	28.94840597	24.18953991	20.21989211	19.99450638	20.10178018	22.01455257	20.08382842
2.0237875	30.81676833	29.52231213	24.40987159	20.96730169	19.46404274	20.19152676	20.31493457	21.66006971	19.89359462
2.0300125	22.04135567	21.7984524	19.52950595	19.03454514	19.27258961	19.92501702	20.40597253	21.6126231	20.00474062
2.0362375	15.76940767	15.80432027	16.1132264	16.66219963	17.79825353	18.7650495	19.55730958	20.27852087	19.15218178
2.0424625	15.06655011	16.13178509	16.80289909	16.81156744	18.50121603	19.68324867	20.32091775	21.57713486	19.93744544
2.0486875	16.13654877	16.40456606	17.39052178	17.12718396	19.11937509	19.48676307	20.80925782	21.60391504	20.5623843
2.0549125	19.37554916	19.63138167	21.99423416	19.26826911	19.33955151	19.65336693	20.2847519	21.75099474	20.4338893
2.0611375	32.39035841	35.16714412	41.36817554	25.25711538	19.34692645	19.04396076	19.57173831	20.92109819	19.97282483
2.0673625	58.75887473	58.88039323	65.32911191	34.65769345	20.85575274	19.07232726	19.41369174	20.66343031	20.62404587
2.0735875	61.24284343	59.07386776	54.38695458	34.74404859	21.37530176	19.11448314	19.38237403	21.10387004	20.93346575
2.0798125	61.09033841	62.408361	49.08381972	28.98980844	20.3424454	19.1725149	20.00406986	21.3421973	21.11894309
2.0860375	59.19502502	57.88647574	39.08975748	22.41175108	18.96804091	19.28794117	19.64872944	21.19309305	20.70458134
2.0922625	36.05903343	37.22779214	27.61023733	20.02633725	18.20133177	18.16309877	18.31696028	19.41970809	19.27052104
2.0984875	33.71624246	34.3397754	31.7509781	25.97375339	19.37579916	18.3262748	19.22571947	20.59799412	19.86094066
2.1047125	41.38990714	40.70337359	40.68508696	32.65939074	20.43726417	18.006343	18.60893372	20.07214372	19.62818451
2.1109375	51.46440136	52.45465187	47.13995762	29.47342695	19.89878542	18.09225845	18.42364298	19.8432078	19.68832697
2.1171625	45.97520497	46.400858	35.96438984	21.81978951	17.13543426	17.40171084	18.31631351	19.27295505	19.07084402
2.1233875	31.19035131	29.76660284	24.34362337	18.06512448	16.80086049	17.12132258	17.93329804	18.84839298	18.62994268
2.1296125	19.56159302	18.77765777	16.74310377	15.62389099	17.29122703	18.00295556	18.21848619	19.29556714	19.19707937
2.1358375	13.92683937	13.9076868	14.77363435	15.56113793	17.37981044	17.74786969	18.6424655	19.76405899	19.16512951
2.1420625	12.44257001	12.99687332	14.00732	15.45406781	16.66957866	17.41053657	18.11533855	19.21527712	19.73924926
2.1482875	11.42124414	12.24346944	13.11923819	14.40325222	16.14702295	16.47594453	16.79918942	18.38309388	18.27632946
2.1545125	11.76742431	11.94175902	13.29644089	14.40434007	16.62200623	16.92271188	17.57602715	19.24243884	19.16558113
2.1607375	11.45656276	11.85561745	13.12409203	14.37850656	16.63069063	17.32179207	18.22769351	18.88678165	18.49504904
2.1669625	11.31403021	11.94651363	12.95012013	14.46219348	16.48975114	16.8768062	17.70283743	19.12899997	18.55608698
2.1731875	11.10887436	11.60399484	12.28614904	13.60501354	15.59242013	16.4194229	16.9700621	18.08103737	17.80095822
2.1794125	10.78280833	11.18533872	12.15453104	13.39158235	15.64873319	15.98471915	16.96304556	17.82289264	17.17428526
2.1856375	11.18575846	12.06647107	13.30172298	14.57382359	16.23109123	16.5393074	17.24818853	18.67984563	17.05886184
2.1918625	13.13779278	13.97324139	15.47000666	16.25809056	16.2144578	16.7143964	17.53762558	17.93059526	16.68806326
2.1980875	16.11479481	17.61533119	18.97113984	19.17881757	17.11521055	16.68442481	17.57708024	18.19355203	16.49800495
2.2043125	17.87625424	18.49653854	19.32652439	19.38927659	16.28065713	15.73740489	16.48234141	16.83369037	15.66418287
2.2105375	18.3634855	19.74564817	19.60179648	17.97887574	16.29425302	16.29414794	16.69850993	17.34205216	15.84623622
2.2167625	18.0974914	18.35842044	17.89651453	16.75438121	16.0541845	15.80344933	16.22395758	17.78693156	16.12405497
2.2229875	14.26942696	14.35610346	14.69550456	14.12714726	15.20826142	16.0059469	16.29070631	16.97764444	15.91807019
2.2292125	11.82084869	11.75015439	12.48972364	13.1614108	14.93630787	15.68596763	15.80449042	16.59206882	15.46187619
2.2354375	10.70410955	10.88267162	11.49714338	13.7912032	15.04730069	14.49460564	15.13660378	15.68043253	14.92599301
2.2416625	11.17061812	11.75353562	12.93349427	14.2626507	15.2098685	15.08203	15.39243476	16.23706049	15.59866443
2.2478875	11.55256344	12.22132856	14.01422817	16.36670899	15.67049343	15.80843105	15.44732492	16.71876519	15.89431393
2.2541125	12.44951348	12.96258087	14.28288291	15.38857985	14.58665289	15.19301779	15.66646752	16.24946916	16.44859491
2.2603375	12.48016507	12.80474148	13.17634665	13.30100066	14.30962802	14.63322625	14.85509543	15.5450625	14.93412079
2.2665625	12.94302822	12.48116806	13.10359754	13.714782	14.75027212	14.69901195	14.96514675	16.05211403	15.07050439
2.2727875	11.91736179	12.26026058	13.07528671	13.69864104	14.81517137	15.16742641	15.39767397	16.47112868	15.71775266
2.2790125	11.82291752	12.53613618	13.06379967	13.37778406	14.74622797	15.09309968	15.77154949	16.1666439	15.87001892
2.2852375	12.04082388	12.06070391	12.76347018	13.38285159	14.95318183	15.07522527	15.41675589	16.44158261	15.31746681
2.2914625	10.52741193	10.9600944	11.87852428	12.46242507	13.62739326	13.66704443	14.6256167	15.44683603	14.50300502
2.2976875	10.90638143	11.45807603	12.17422009	12.90968885	14.40667171	14.74692467	14.88436806	15.95897532	15.71647564
2.3039125	11.09238617	11.96667145	12.40833512	13.23944983	14.39785467	14.51341077	15.51116309	15.91140387	15.80782387
2.3101375	10.96735687	11.4164756	12.37276123	12.67902728	14.28772598	15.05716973	15.09017695	16.06899788	16.01179339
2.3163625	10.54297644	10.82060377	10.80637213	12.5028596	13.69123011	14.0488234	14.55851384	15.97507295	15.52604991
2.3225875	9.86730285	10.47412068	10.97141952	12.37104384	13.92169589	14.73791931	14.92784128	16.01251055	15.63129465
2.3288125	9.618483215	10.21710168	10.99691232	12.15840419	14.16766923	14.54633839	15.31478085	16.18357642	15.77619635
2.3350375	9.694607836	9.778967478	10.81085816	12.13354693	14.72989683	14.80992179	15.37128738	16.29276925	16.40507235
2.3412625	9.562481202	9.814347308	11.0137388	12.18324752	13.9936274	14.49091748	15.25373832	16.52547963	16.25936914
2.3474875	9.038371956	9.212704057	10.26820995	11.57754311	13.67280286	14.05031371	14.37393825	15.32944366	15.13170026
2.3537125	9.569175346	9.901040582	10.8556853	12.06883842	13.75540584	14.44524111	15.18482926	16.23287905	15.49818815
2.3599375	9.496677865	9.917080297	11.09098821	12.11299426	14.25740561	14.73949287	15.61915972	16.12630053	15.42048126
2.3661625	9.623545807	10.00313906	11.19243299	12.04545278	13.86170169	14.53886482	15.31708468	15.97072822	15.2419979
2.3723875	9.398924815	9.711697054	10.5588893	11.54620334	13.10547783	13.81150167	14.28417384	15.58711253	14.5587271
2.3786125	8.835385873	9.524462801	10.53358121	11.15127811	13.18622237	13.93657909	14.58258913	15.39606707	14.8632927
2.3848375	9.058941451	9.281940272	10.19343198	11.42032511	13.56686382	14.06025558	14.31429662	15.36338058	14.65585701
2.3910625	9.213530329	9.482471866	10.43995834	11.72941101	13.41792928	14.25027675	14.46507301	15.35541691	14.60228062
2.3972875	8.957219582	9.301075836	10.36353095	11.44340746	13.06859192	13.94037207	14.08373956	15.64226768	14.53099013
2.4035125	8.20879371	8.652983667	9.953503186	11.21987771	12.39706933	13.14958858	13.23883495	14.19031434	13.71340954
2.4097375	8.640013906	9.095388227	9.884490818	11.22766108	13.21094997	13.81838548	14.3185248	15.00520725	14.11735621
2.4159625	8.767756704	9.028562572	10.1902192	11.37955776	12.89754154	13.25638823	13.86762503	14.39443186	14.26803656
2.4221875	8.719960822	9.083717873	9.851408166	11.361752	13.30306807	13.29986626	13.85539191	14.53864212	14.3696513
2.4284125	8.193327309	8.893328187	9.429904766	10.87109318	12.64299293	12.8244061	13.29972405	13.86036847	13.60110351
2.4346375	8.276334063	8.585588585	9.633493989	10.83302387	12.85488343	13.08163764	13.44195078	14.11478372	13.89611121
2.4408625	8.3867894	8.799079598	9.517688154	11.0483482	12.97994065	13.25794811	13.53864991	14.80803659	13.7783037
2.4470875	8.41608592	8.59737432	9.644840144	11.00532148	12.85148191	13.29626003	13.91356044	14.46185867	14.37716626
2.4533125	8.033797958	8.764136882	9.569455064	11.12064893	12.81182631	13.45039922	13.72401959	14.70509386	14.27248969
2.4595375	8.26684713	8.045952108	9.143103207	10.10146921	12.39656637	12.78589174	13.14465311	14.11017975	13.3056303
2.4657625	7.793033153	8.779019164	9.413257338	10.73655331	12.86306578	12.89805602	13.44605962	14.05814048	13.90016329
2.4719875	8.268735918	8.401375563	9.673330883	10.71360993	13.06777627	13.45568037	13.89954994	14.72954518	14.17347365
2.4782125	8.761530284	9.521941259	10.47775191	12.34541484	13.90358864	14.57354883	15.59557021	16.09701781	15.10010722
2.4844375	9.312550577	9.443605742	11.33908731	12.74597188	14.88412685	14.90678377	15.72676352	16.65631845	15.78102152
2.4906625	9.211610482	9.209981674	10.91291399	11.95733892	14.68290728	14.89710909	15.08572494	15.57990122	15.67504042
2.4968875	8.754832096	8.810043109	9.711223192	11.20855716	13.34494848	13.75324072	14.05378648	15.00450893	15.02386873
