Q A-1	193	194	195	196	197	198	199	200	201
0.0691375	70.17215501	72.72308235	73.077453	69.93579796	71.80384491	79.5368032	72.70492485	80.4780526	69.94128397
0.0753625	75.58797825	74.94343626	77.28167695	73.9113722	82.02608118	83.83254319	82.73425225	82.0322666	74.64384039
0.0815875	72.42464552	72.04832226	73.02371153	71.21331416	78.20041119	77.35276216	77.5193474	84.11628	75.2398531
0.0878125	66.85030484	64.08790122	69.43232076	67.96704008	72.75404099	73.14075349	70.43687144	75.40058706	67.42248272
0.0940375	67.14226477	64.79205963	66.9545297	62.399049	68.06417632	68.89088521	67.21607417	71.90169034	63.95267001
0.1002625	61.70827667	61.9294248	67.20429699	61.44139962	70.59857197	69.79712431	67.21634635	72.52916899	65.7859384
0.1064875	59.20635477	57.97546952	62.77702477	57.93831509	64.92826201	65.48192192	64.26056105	69.08913287	63.42751355
0.1127125	57.98341357	56.81741846	62.76668362	57.64108679	62.46894286	63.45013052	60.79299089	68.36885942	59.71063835
0.1189375	57.14020299	55.02068744	60.60467812	56.11327072	60.14107592	60.92656354	58.04821938	64.44768189	57.19013631
0.1251625	55.20995902	54.04644189	59.85729501	54.2597876	61.1941123	63.31157241	59.42940162	65.83585913	56.6585551
0.1313875	56.14979991	54.19762798	58.89049751	52.98797446	63.12308256	61.66233206	57.66127612	60.99260694	57.78275547
0.1376125	56.68938213	54.2676818	58.07853899	52.50200837	60.4355459	61.39355398	56.05491921	62.6669461	53.33600808
0.1438375	53.06112778	50.98396594	56.57379229	51.1390497	57.06252759	57.82423796	55.38772345	59.52772338	50.65144303
0.1500625	53.82024875	50.58283422	56.85920739	52.52787215	58.70237682	58.98416977	56.65932352	62.05058822	52.97700729
0.1562875	53.69171974	52.82328013	58.27026072	49.35421664	58.75985697	59.19618012	56.80881952	60.88512539	53.00336147
0.1625125	55.02651504	52.93713064	57.54284343	51.35320031	57.62140584	59.5733823	54.06566217	59.52018812	53.1168592
0.1687375	53.27313808	51.55847823	55.62307765	49.23031937	57.31053762	57.01720428	55.15221808	60.29780321	51.82582465
0.1749625	52.78244942	49.66670246	54.97380667	49.06496665	57.98806239	58.27118739	54.06325335	60.1110659	49.79648285
0.1811875	53.35462119	51.41401929	57.36579953	50.55181872	57.73805782	58.56341953	55.74485381	61.34082926	55.32032284
0.1874125	53.70456543	49.1487923	54.14951146	51.02839979	57.53936195	58.55863224	55.88952578	62.74659543	55.25132143
0.1936375	51.70521885	50.08013557	54.87177007	49.64512181	58.42667416	59.6405052	56.59735159	61.3744734	55.74239608
0.1998625	50.78199565	47.9649083	53.91935173	49.02487188	57.48227314	59.49008909	57.12696094	63.69489422	57.27189785
0.2060875	50.84338944	49.02207474	55.28006937	50.82819865	59.23997583	60.74635638	59.92367964	64.79585578	60.34477458
0.2123125	50.85765082	49.89504531	54.45356348	50.85181231	59.38936279	62.73908521	61.38647572	67.72458283	63.86094529
0.2185375	50.90704809	49.84541115	55.1817525	50.97098953	61.09869354	64.38832137	63.74023232	71.70257909	66.2671821
0.2247625	50.55591212	50.05670101	54.42837643	52.18247849	64.90992233	68.04713321	67.68169776	76.60461458	73.18082156
0.2309875	50.94926119	49.82535673	55.40291705	52.44198185	64.13093114	70.778691	73.09591284	79.87849432	78.09468504
0.2372125	51.05428028	50.21712119	57.20001342	54.18711802	67.9590396	72.25907674	73.08203268	83.23041557	81.96730471
0.2434375	52.17718705	50.79417685	57.10306658	55.79076034	70.29729031	74.1519239	76.0454923	83.70106797	84.89022004
0.2496625	53.480323	51.91661183	58.27098481	56.93374746	70.77599052	78.72243558	80.39924928	89.16641341	97.43213096
0.2558875	53.09533023	53.23084304	60.74173141	59.28145985	75.28834689	81.80033673	84.21791944	94.7109026	107.2724889
0.2621125	53.55974301	53.95370883	62.11664289	61.28844435	79.13911431	89.48219848	92.10422359	103.097333	120.0455092
0.2683375	56.33060662	53.7940914	64.19466314	66.64244911	86.56798976	96.32271717	100.2990212	114.1171885	139.0536479
0.2745625	57.15728557	56.98786511	67.34603803	71.32735874	92.23217111	105.4924751	112.3298767	126.9200429	163.3392106
0.2807875	58.45036507	58.09967026	69.72092446	76.20772944	101.539292	115.7143133	124.0749735	140.4353554	187.6845679
0.2870125	58.63187565	60.46794482	70.32561654	79.06665912	104.3624155	121.9405293	131.3033506	150.6383938	203.0633433
0.2932375	61.5455474	62.11329085	74.25890609	84.91305715	114.6386559	133.6517985	147.9935343	162.7252984	223.7886582
0.2994625	63.64444689	64.35506414	76.89635452	88.75820878	118.9270914	141.2678118	155.0205576	174.5562863	228.7988343
0.3056875	66.50808107	67.9519719	81.61806464	97.50392739	133.0358451	157.8698153	175.6617101	197.5387201	239.6294554
0.3119125	64.42558047	67.00526454	80.81132475	95.07396501	130.2967788	151.0469121	167.2100596	187.8588947	210.282766
0.3181375	63.76697492	64.03020006	77.74545824	89.74535674	120.9872562	139.9783261	153.3197619	171.1023087	176.8549068
0.3243625	62.97160925	63.89015898	76.99936946	88.94772308	118.0486768	137.3969917	150.6468086	168.6090749	161.398955
0.3305875	63.9697234	66.19624155	78.88962981	93.37434275	125.3434628	144.0201576	156.4243623	174.6321955	159.6510254
0.3368125	65.33160819	67.61854202	82.64779354	99.61471537	129.2978651	141.3814351	150.8443683	165.3508303	152.794066
0.3430375	62.52642175	65.51167872	77.76136304	92.1061649	115.1822269	125.9611492	133.855986	145.6272431	125.6020613
0.3492625	56.12082628	56.63069629	65.15386782	72.71173404	93.46713043	109.4889123	119.9057532	132.0685248	121.2378812
0.3554875	53.49921236	52.82568063	60.60947907	64.84745832	81.72906421	94.16807314	101.9723418	113.3901114	102.5914826
0.3617125	50.95484265	50.60476996	57.3794773	58.59527065	73.37760947	81.00140957	84.62471471	94.28497708	83.59209159
0.3679375	49.05088249	47.70923103	54.00817032	53.2946262	66.78309498	73.94982674	74.901288	82.78078686	72.22802525
0.3741625	47.79701229	45.48209314	53.38914371	51.30633849	62.5026068	68.66373183	68.61309251	75.87986281	66.66899821
0.3803875	47.56186936	45.33949004	51.46453329	50.16881745	60.93396795	64.97030623	65.29755349	72.17223539	63.79059573
0.3866125	45.92457295	44.06861753	50.20122975	48.97712035	59.46194303	61.3806071	61.90891899	68.44213634	60.66061773
0.3928375	45.59896848	43.88242064	49.90469003	48.06749198	57.3837805	60.0715623	59.00616453	65.54684191	58.12525397
0.3990625	44.39391504	43.63940779	48.66534746	46.77092586	55.97722674	58.3360283	55.84483246	63.14500549	56.35072954
0.4052875	44.72840777	43.91835726	48.35922082	47.17519551	55.4852886	56.50446318	56.36790413	62.17172573	56.8939408
0.4115125	43.451341	42.76645403	48.07998601	46.17337842	54.94210108	56.97044639	56.10509223	61.54462949	57.26987935
0.4177375	43.14178285	43.34069535	48.50754336	47.60261197	56.77435932	57.71895778	55.76899549	61.64158039	56.48341728
0.4239625	44.51768568	43.77201456	49.11275465	47.88412961	56.82832755	56.71215079	56.32055705	61.39867051	55.18511329
0.4301875	45.18445398	44.60286409	50.20131276	50.35987083	57.18951659	56.69650305	55.35442444	60.44764083	54.48808387
0.4364125	44.92222529	44.70658409	50.52556539	49.47649447	56.52277087	56.02205009	53.822267	60.26263862	53.50088936
0.4426375	43.75819758	43.05282279	47.92665506	46.99536942	54.32399252	55.92755385	54.66056916	59.11844354	53.94391557
0.4488625	42.6654286	42.02795669	47.93944465	47.31138243	56.17839842	56.16776123	55.1046769	60.33268317	58.45885419
0.4550875	42.72480804	42.09215528	46.80015726	47.81597357	57.30783004	60.79829452	60.46518801	67.15757031	65.70871254
0.4613125	43.15372951	42.18223957	48.37273421	49.05815615	61.42177114	64.63495039	65.89460019	72.14731599	67.31575897
0.4675375	43.03637964	41.95745433	48.83807428	51.13313218	63.43257992	67.55389638	69.03136237	76.34943209	71.40265863
0.4737625	42.71508719	42.4345029	48.4253547	50.95834043	64.37085739	71.22133686	73.54178786	80.99448688	83.48194174
0.4799875	41.75828193	41.86226605	48.37573404	51.49793327	65.77774114	74.9214107	80.39268645	87.461988	90.01461981
0.4862125	41.08836799	41.21507599	46.95657725	47.5861358	59.48879448	67.27167254	70.82704544	79.62544231	74.37795349
0.4924375	40.82596534	40.14283896	45.49538652	45.26023331	55.26413874	60.73738718	63.20718327	70.45721421	67.07640849
0.4986625	40.44410907	39.22331313	44.55041706	44.57518777	53.87789486	59.77906405	60.66544445	66.49640794	67.31254488
0.5048875	40.55154538	39.60150552	44.46236121	43.33933161	53.42966691	58.92841252	60.30080694	67.53408757	75.8433513
0.5111125	39.87398243	40.06680507	44.37792623	44.7021269	54.7793855	61.8352941	64.11624898	73.31744211	96.18787963
0.5173375	40.32945726	40.76350222	46.71595208	48.64565683	61.3120293	70.61793651	76.02304515	85.95958589	111.7689294
0.5235625	41.66616752	42.69515377	49.69099106	54.91956699	70.25442335	82.01483844	89.596245	99.31210144	110.2648024
0.5297875	44.39400979	43.77505988	52.10501222	58.17805581	74.13989074	86.26031998	93.5626844	103.2241319	109.0368964
0.5360125	43.03288509	43.24355928	50.87843967	56.46840449	71.50920252	84.72789805	92.92926172	102.338037	100.9264631
0.5422375	40.66139846	41.6396294	46.95389792	50.53051296	63.74366823	74.29644062	81.77749461	90.28767612	79.64733214
0.5484625	39.7620139	39.60163616	44.77481983	46.6791957	57.32288166	66.04435626	68.46557574	76.69909402	72.59435104
0.5546875	38.43785317	38.20098748	43.21750659	44.7366009	53.92033867	60.1190155	63.43831816	71.09803239	67.07124388
0.5609125	37.55152546	37.60577262	41.4590765	42.52379831	50.73212055	55.30375674	57.78470747	64.02000907	56.4194996
0.5671375	36.43423354	36.14854171	40.68029923	39.6616256	47.29287592	49.44559662	49.01401865	54.69065692	48.22518344
0.5733625	35.8308328	35.60730462	39.59270583	39.26832854	46.52796435	47.63558777	47.07256685	51.29525698	45.96923252
0.5795875	35.23144082	34.50039772	39.28452004	38.43560067	45.74246203	47.5666022	46.60694783	50.34449607	47.89766095
0.5858125	35.38349431	34.65937383	39.63757034	39.22462131	48.0307009	50.41010486	50.0234161	53.1836048	54.5587237
0.5920375	34.70680183	34.78801495	38.67664028	39.54783414	47.56688667	52.16510096	53.29451121	58.56107532	61.87866023
0.5982625	34.59454593	34.67625501	38.42464357	38.01390943	46.14833802	50.8390497	54.02224976	58.94054589	60.19457698
0.6044875	35.31617211	34.40586304	37.56693373	37.15316495	44.63820452	49.0923496	52.23812267	58.94220359	52.61651304
0.6107125	33.7132789	33.13747246	36.96943463	36.00377398	41.66885135	46.05123409	48.82719828	55.12549715	47.78397172
0.6169375	33.86963478	33.52295855	36.88659226	35.92983723	42.50551729	45.3359175	46.9841442	51.91126963	47.32257932
0.6231625	33.61968129	32.93162507	36.75543715	36.07851637	42.34773604	43.93180737	44.55066485	49.08116362	49.98791647
0.6293875	34.13052247	33.52238172	37.99435586	37.19427548	43.07557747	45.31069093	45.62936562	50.96933871	56.31472096
0.6356125	34.40138102	33.85627201	38.00796487	37.91751515	45.10114774	47.59075842	48.83715456	54.00012022	59.11319233
0.6418375	34.22058049	32.93517024	37.04606493	37.05130996	44.1097371	48.79888153	50.90764833	56.83939922	51.58121505
0.6480625	33.20814125	32.40013	36.17504992	35.38019956	43.02413988	46.99755877	48.93983509	53.15139251	41.54265877
0.6542875	32.20943343	31.70529081	35.18318163	33.59957466	39.57371393	42.14284321	41.38850921	45.86675335	37.85281289
0.6605125	31.7975438	31.03451545	34.71722256	32.64172782	37.39516992	39.09479841	39.23803883	42.21003008	37.79433422
0.6667375	31.5846768	31.07482284	34.03307577	32.52301692	37.76406792	38.72146536	37.96917411	41.73752231	38.03489331
0.6729625	31.66408337	30.7568847	34.07947259	32.27147261	37.65272405	39.23153994	38.43845627	42.20911488	39.50960412
0.6791875	31.06031334	30.57125784	33.90355456	32.50473509	38.55170593	39.71412222	38.59417706	42.13941671	41.18435002
0.6854125	31.29242175	30.83782785	33.59486158	32.4404002	38.62850143	40.44385835	39.45919586	43.03725225	39.78326796
0.6916375	30.76437425	30.77266107	33.12724561	32.15571445	37.37767524	39.31050765	38.9732	41.54379273	37.79304668
0.6978625	30.80122308	30.23576504	33.36563165	31.63153134	35.93347296	38.13214563	36.84767348	40.46639958	37.11460547
0.7040875	30.3745577	29.63425421	33.09594642	31.02424514	36.08034456	36.96213269	35.70655289	39.60579509	36.46673079
0.7103125	29.91126733	29.67449071	32.04941997	30.41144452	35.48507942	35.98963499	35.20301465	38.58853665	35.25532333
0.7165375	30.10119646	29.29515722	32.24144658	30.48575373	35.21564827	36.31836253	35.79547063	38.90697631	35.99956429
0.7227625	29.88092684	29.34169183	32.20778746	30.57629165	35.73110982	37.15762366	35.93402816	39.811902	37.51108414
0.7289875	29.6548675	29.05133791	32.7179364	31.29863461	35.73595099	36.85549442	36.20818147	40.08828205	37.90630129
0.7352125	29.81926761	29.56343504	32.38806448	31.08960829	35.45059129	36.13812939	35.70978865	39.73541965	36.20474636
0.7414375	31.54623077	31.49107121	34.05227047	32.27293791	35.71922562	36.38601762	35.89596503	39.59846574	35.64146033
0.7476625	40.79460352	40.0535904	40.11261259	36.84092929	36.13706659	36.23124828	35.93210944	39.893532	36.07306926
0.7538875	38.95332858	37.32473246	36.51970449	32.64988457	34.47616542	35.96627945	35.23682977	39.09634693	35.60898938
0.7601125	30.53606715	29.53508765	31.87774756	30.53701322	34.41623749	35.04457642	34.18527124	37.19138063	34.80259798
0.7663375	28.79302672	28.34217467	30.94811179	29.36142693	33.21097973	33.86527587	32.9412384	36.06488922	33.69927014
0.7725625	28.2143123	27.76947451	30.47328345	29.14746642	33.30055023	34.38061901	33.31538336	35.85154065	33.48058437
0.7787875	28.2467549	27.62024351	30.71345026	28.82504195	33.23985217	33.85029804	33.02110142	35.79380815	33.10832689
0.7850125	28.23819145	27.75979581	30.75990668	28.56786297	33.67269619	34.33017782	33.31220919	36.73791045	34.21212711
0.7912375	27.97066558	27.48426724	30.09520607	28.82088353	33.43086246	34.55044242	33.82776201	36.78212156	35.2636805
0.7974625	27.99010127	27.21433919	30.29487677	29.02114032	33.86984493	35.00257362	34.64399804	38.05139734	37.46487303
0.8036875	28.00988681	27.41433002	30.60220469	29.11843609	34.84699436	35.9615428	36.02102798	39.45788512	38.29005332
0.8099125	27.69113484	27.5757406	30.93395354	29.79900099	34.4417122	36.02169336	35.68157061	38.66575164	36.23522155
0.8161375	27.30920765	27.18961842	29.86622728	28.90605189	33.80630469	34.89536905	34.2929811	37.35744129	34.96105609
0.8223625	27.33649071	26.72384019	29.44916784	28.34221769	33.05293753	34.25979517	33.44165288	36.35206904	33.79072473
0.8285875	27.18283236	26.32868365	29.18170157	28.95746123	33.53389322	34.46882917	34.26484409	37.2018284	34.75632953
0.8348125	27.05387143	26.70854351	29.72798088	28.64989721	34.13455905	34.50894008	34.30656811	36.80121745	35.08456164
0.8410375	26.81922282	27.16038592	29.72763345	29.49463475	33.68043488	35.08466977	34.21376338	38.08125049	34.66011466
0.8472625	27.07837318	27.22351419	29.41368011	29.06281967	33.65630582	34.95448245	34.51024194	36.77160445	34.16534999
0.8534875	26.76009243	26.81597911	29.43985452	28.88473684	33.78543656	34.06201801	33.57138371	36.35759908	33.54291483
0.8597125	27.10858607	26.99802432	29.57316293	28.88028709	33.51989134	34.06927215	33.68124668	37.00123029	33.88397688
0.8659375	27.18491982	26.61244405	29.28901808	28.73802845	32.72001094	34.37827734	33.15375264	36.85964107	34.53616921
0.8721625	26.76667343	26.42702961	29.09772203	28.43550283	32.97251065	33.9430586	33.50452486	36.65593703	35.27558302
0.8783875	26.48761538	25.89986527	28.97976294	28.24192484	32.43097234	33.27969872	33.13899053	35.60866677	34.98700821
0.8846125	26.67914037	26.15179408	28.97914387	28.69180716	32.87085385	33.86187792	33.64476575	36.54000907	34.64899915
0.8908375	26.80480747	26.2016283	29.0943791	28.48080967	33.09882359	34.39541693	33.19910877	36.81476805	35.34951695
0.8970625	26.6861997	26.30036505	28.84418128	28.7185789	32.85713313	33.63556833	33.03278484	36.66567047	36.09439077
0.9032875	26.30228408	26.36953993	28.89436962	28.40590857	32.86070553	33.58463393	33.66837613	35.97704132	36.03911248
0.9095125	26.1293545	26.2844772	28.82028336	28.08853743	32.55409571	33.66491467	33.2168117	36.39010638	35.53566405
0.9157375	26.43326208	26.21930296	28.78573591	28.67523834	33.25190266	34.1563523	34.35773345	37.02300075	35.88398894
0.9219625	26.69334267	26.614548	29.36499883	29.02204426	33.1356852	34.58330827	34.87277898	37.69297897	36.6576642
0.9281875	27.93241144	27.63028182	30.41938835	30.94807078	34.25933204	35.35046653	35.21194851	38.61325002	36.9055087
0.9344125	29.39735079	30.31040248	31.75932876	31.72019955	33.87976899	34.90581425	35.20538912	37.8133232	35.79522022
0.9406375	29.78168071	29.08615337	30.41075382	29.40422425	33.22421672	35.08633345	35.02159395	37.51093655	34.73576406
0.9468625	27.20187956	26.90763327	28.64078725	28.87002358	33.59268223	34.63565959	34.6551709	37.84683572	34.49175186
0.9530875	26.20490138	26.08645585	28.71834129	28.83208261	33.32944124	34.36949363	34.48306187	37.1912192	34.86888819
0.9593125	25.84036636	25.63995618	28.60035978	28.2748262	32.53243271	34.02946982	33.72247173	36.7166143	34.47759916
0.9655375	25.47870237	24.9070916	27.70997489	27.54373575	32.02148028	33.58268293	33.52234141	36.13780387	34.04639201
0.9717625	25.28764724	25.12092383	27.77405534	27.98182233	32.45366551	33.59634957	33.68803521	36.87412558	34.9197921
0.9779875	25.21817585	24.95080669	27.91119957	27.8271626	32.45704938	33.39418358	33.27574853	36.50937906	34.617726
0.9842125	25.4617003	25.45040368	27.6091126	27.83380616	32.55884774	33.56676161	33.80851401	36.37990004	34.4906614
0.9904375	25.21769642	24.78802614	27.29761501	27.34856339	31.79247336	33.25153646	33.07198814	36.13703202	33.65315872
0.9966625	25.2415834	24.64146798	27.5631603	27.49351942	31.98726482	33.10430163	33.05682613	36.45687459	33.90024089
1.0028875	25.27545606	25.16221616	27.35656603	27.64874379	32.43884397	33.26992774	33.72631949	36.42567972	34.18742652
1.0091125	24.5299598	24.84201286	27.51063977	27.10761393	31.73860238	33.15883711	33.44725329	36.6403923	33.63415025
1.0153375	24.89220003	24.97680131	27.07775782	27.51981501	31.89032875	33.18994072	33.33295986	35.85907257	33.58903082
1.0215625	24.48042465	24.60038329	27.06774928	27.37365849	31.63618778	32.93398013	32.56054027	36.07597414	33.53808563
1.0277875	24.63545846	24.83448558	27.03984476	27.82824334	32.30666892	33.29280135	33.91046403	36.3939987	35.21500355
1.0340125	24.8112468	24.99837333	27.51763547	27.9250247	32.71210385	34.13344368	34.35689877	37.20864314	36.21645608
1.0402375	25.17357994	25.15462754	27.87493446	28.12157102	33.20890076	34.67158854	35.01711785	37.71935271	36.71105044
1.0464625	24.95276601	25.21533008	27.87894261	28.57604017	32.90454914	34.8948161	35.02813978	37.01047102	36.46235563
1.0526875	24.92872078	25.24622679	27.81790978	27.89998396	33.20246429	34.83008662	34.84631183	37.90253292	36.17965852
1.0589125	24.38881086	24.58334347	27.36009512	28.40705065	33.04197608	33.96319412	34.35151618	37.07468825	35.8991012
1.0651375	24.10135365	24.27353365	27.18501142	27.68895444	32.35935822	34.14330143	35.02342005	36.66473653	35.86603805
1.0713625	24.31008225	24.83498628	27.21191204	27.97683197	32.93352134	34.635813	34.86151714	37.76076229	36.63048945
1.0775875	24.50978992	24.41022744	27.3514414	27.87568627	32.2904368	33.97773367	34.52443053	37.90390534	36.0144538
1.0838125	24.40664619	24.79075515	27.42112623	27.85480846	33.27080512	34.42981353	35.15312635	38.38347654	36.56742265
1.0900375	24.43228598	24.69076053	26.97067142	28.25165138	33.3796782	35.3722552	35.44030091	38.31622129	37.18772377
1.0962625	24.16253613	24.40269446	27.29799386	27.85221033	33.02512309	35.02293944	35.76608805	38.63252232	37.89674018
1.1024875	23.80459698	24.18640997	26.95231093	28.12832866	33.13811343	35.20908765	35.5206214	38.45886101	38.66420762
1.1087125	23.95991537	24.4568975	26.9817519	28.17033545	33.63874424	35.30725219	36.41289142	40.05197902	40.11211913
1.1149375	23.92778398	24.29082843	27.27772947	28.19067787	33.52365431	36.23448836	37.78597134	40.71554731	41.52378305
1.1211625	23.785656	24.31603743	26.95626054	28.47477736	33.8654924	36.89116293	37.41472097	41.04219788	41.24401131
1.1273875	23.88219254	24.43105557	27.21491441	28.44988602	34.16306265	36.49525746	37.47244618	39.85125136	40.5668123
1.1336125	24.01833289	23.73225741	26.50826685	28.02849991	33.21329318	35.2004635	35.958326	39.01971248	38.70121048
1.1398375	24.05271541	23.8142792	26.87013425	28.20216717	33.16455402	35.03662063	35.68336107	38.57548406	38.66265509
1.1460625	23.51049824	23.87705612	26.45561044	27.88156567	32.66554462	34.61644431	35.21677296	37.79005177	38.69293188
1.1522875	23.72983093	23.9249138	26.16846539	28.06498396	33.08689193	34.2014887	35.06420195	37.64019643	38.25819816
1.1585125	23.50263997	23.4167485	25.94164589	27.58053064	32.65509485	33.82369063	34.16973736	37.0114288	38.19234167
1.1647375	23.4619448	23.81415521	26.52842834	27.9748683	33.15455601	33.98080104	34.6257217	37.3244627	37.45404448
1.1709625	23.37901277	23.7260303	26.83188908	28.12018688	33.39786896	34.40354019	35.0078081	37.22861543	36.9623695
1.1771875	23.51530547	24.04570931	26.64651099	28.67256323	33.04590329	34.41663211	35.18904571	38.12611073	36.03337779
1.1834125	23.70908346	24.19574183	27.27237454	29.02585664	33.65243747	35.05571543	35.60550918	38.52503156	35.71412262
1.1896375	23.34755119	23.98348525	26.74112053	28.64124641	33.41518569	35.07058702	35.07940348	37.67154371	35.16363493
1.1958625	23.71889576	24.26687293	27.04472145	29.07928676	33.87684903	34.58310595	36.11762436	38.67594488	34.89582854
1.2020875	23.54865174	23.89472187	26.68252157	28.43835164	33.15821069	34.805248	35.42629278	37.56112548	35.44902283
1.2083125	23.06767711	23.6152459	26.21732473	28.3922749	32.7171059	34.21476211	34.86563918	37.58973904	35.80257371
1.2145375	22.93436416	23.13773487	25.87179175	27.61182625	32.46506926	33.87773438	34.33438222	36.86791458	35.26791759
1.2207625	22.92282104	23.43475999	25.94526897	27.48660577	32.43343389	33.88825036	34.32439194	36.44115816	36.04697395
1.2269875	22.68688188	23.54125018	26.16250019	27.81654777	32.68231255	34.20532927	34.89075206	36.89998652	36.67242623
1.2332125	22.95161003	23.15435481	25.78488136	27.607182	32.56508304	34.27509152	35.20251635	37.21116361	37.10881826
1.2394375	22.92501808	23.38780373	26.16437631	27.88165911	32.92650563	34.96708573	35.06756565	38.33581143	37.84209505
1.2456625	22.86544748	23.22882821	25.92461049	27.7108739	33.03876426	34.53551207	35.16651376	37.76462854	38.49988024
1.2518875	22.90887434	23.34167279	25.93208884	28.42361594	33.45600093	35.2069452	36.31562154	39.55862396	39.33296501
1.2581125	22.98843311	23.59625424	26.33627126	28.6254244	33.78957261	35.76862942	36.90222726	40.05653465	40.24762795
1.2643375	22.97020469	23.81194739	26.52210554	28.7909374	34.40153907	36.16678604	37.57856778	40.24588042	40.38223925
1.2705625	23.25842963	23.50914481	26.26775064	28.90767308	34.5546719	36.29894311	37.21848891	40.51559199	39.86213779
1.2767875	23.27019712	23.69562775	26.41653932	28.9869241	34.28364658	36.39396034	37.42023545	40.36322951	39.57270659
1.2830125	23.18820789	23.74777405	26.86808012	29.3969341	34.81274213	36.58738732	37.51297888	40.09781577	40.13633524
1.2892375	23.14251346	23.73872313	26.72164724	29.78132948	35.40090395	36.8701923	38.39476303	41.38265495	40.26932743
1.2954625	23.17051774	23.91881644	26.94012678	29.92380043	35.76283965	37.04402381	38.7321364	41.71134922	40.7193263
1.3016875	23.30383629	23.88203992	26.49772788	29.08577788	34.78458499	36.9081995	38.28588034	41.08543845	39.881255
1.3079125	23.07206207	23.66291573	26.63730226	29.05909563	34.91003014	36.70928479	38.14149851	41.41664077	39.55274137
1.3141375	23.16876887	23.50408694	26.60127581	28.86526075	34.67232175	36.70357113	38.04831698	40.95378477	38.70440551
1.3203625	22.68251147	23.05829352	26.46809713	29.29439577	34.56206443	36.50416862	38.01327885	40.49123367	37.66008416
1.3265875	22.62252812	23.46450727	26.04565152	28.96085841	34.00063382	35.70213703	36.91638875	40.30448941	37.04194354
1.3328125	22.64768818	23.23334254	26.42203497	28.90371122	34.55244781	35.8532905	36.58806341	39.23839176	37.19323637
1.3390375	23.18081117	23.45336708	26.82731189	29.93233628	35.30205392	36.29357814	37.2661382	39.53926903	38.26554186
1.3452625	23.12103085	23.98966869	26.72342731	29.51437828	35.11708924	36.52350703	37.68567819	40.57416786	39.52460335
1.3514875	22.76930794	23.62624343	26.52172737	29.75244155	35.30951977	36.88778393	38.21140718	41.07815347	41.12292857
1.3577125	22.65112786	23.34143249	26.14485657	28.95863753	34.62649969	36.52338779	37.95772455	41.40364924	40.29778824
1.3639375	22.79655964	23.41067631	26.28311799	29.26688492	34.78259565	37.12023186	38.76570849	41.09356476	40.06279103
1.3701625	22.39357022	23.31825075	26.14412664	29.02624562	34.48725979	36.60873951	37.83518376	40.22054949	38.37118615
1.3763875	22.39745908	23.34527265	26.13456032	29.45194163	34.42334312	36.41555049	37.64123522	40.10470229	38.57032195
1.3826125	22.63974396	23.11123268	26.01238668	29.08148449	34.12157522	35.74901174	36.78862862	39.16664808	38.12596305
1.3888375	22.18507712	22.59157391	25.60943026	28.32722515	33.73107454	35.21140372	36.29242429	38.63164733	38.15087288
1.3950625	22.24889968	22.84646639	26.02200343	28.72903647	33.79845524	35.58536777	36.78814111	39.67709896	38.37552082
1.4012875	22.01834575	22.62402601	25.5380478	28.64619882	33.51444486	35.52823393	36.6223659	39.43942968	37.12498042
1.4075125	22.42080205	22.95882803	25.73856374	28.52059142	33.96584948	35.45055996	36.28436808	39.09171805	37.14944292
1.4137375	22.07523447	22.56896464	25.28532556	28.01254619	32.60827005	34.46066586	35.43928233	38.00663447	35.64860404
1.4199625	22.07881421	22.5848175	25.32727088	28.07180227	32.8738378	34.2889478	35.34948768	37.74097027	35.64824057
1.4261875	22.25003434	22.59316633	25.35885523	27.67707544	32.81790674	34.34382824	35.25953085	37.47998374	35.47597574
1.4324125	21.67414116	22.5241902	25.13516961	27.32477413	32.67213341	33.59720009	34.91838889	37.29911608	35.59213295
1.4386375	21.7713744	22.74746616	25.22636774	27.49212753	32.53714005	33.79741867	34.99973297	37.70647371	35.82471605
1.4448625	21.58191458	22.15610758	24.5499445	27.16489548	31.87530189	33.47825275	34.93886556	36.70685883	35.99527883
1.4510875	22.18960911	22.46496481	25.22569979	27.46692065	32.96862133	34.82464846	35.87823553	38.06228732	37.4076784
1.4573125	22.03726008	22.5077748	25.37371268	27.73918674	33.03002655	35.10272176	36.21038424	39.03217006	38.37361501
1.4635375	21.86723965	22.81289692	25.51948119	28.03472564	33.54061901	35.01441834	36.55817708	38.71483396	39.3050237
1.4697625	22.01398303	22.6243537	25.30858497	27.55152726	32.81530964	34.83798112	35.79835342	38.1228267	38.37862873
1.4759875	22.28942906	22.46112236	25.4358561	28.08597554	32.8829611	34.89543486	36.0729744	38.41607504	38.758896
1.4822125	22.3270088	22.82122119	25.84437491	28.48925462	32.80831972	34.5786768	36.06839672	38.70548128	38.75133588
1.4884375	23.3279514	24.02243983	26.59724189	28.65486643	33.0152752	34.42398913	35.97221916	38.56943562	38.38721292
1.4946625	24.92691248	25.51220325	27.12747274	28.75318415	32.96002487	34.68006262	36.5289501	39.08992879	37.88992714
1.5008875	23.89651117	24.40398622	25.79644233	27.55791638	32.26467383	34.27592713	36.36584219	38.83397268	36.79424261
1.5071125	23.17742952	23.82946398	26.08363529	28.03729056	32.78664628	35.03117319	36.69025586	39.68283898	36.78795696
1.5133375	23.35925642	24.91712522	27.49804404	28.90214508	33.78423255	35.26706007	37.11122838	39.89293053	36.11877968
1.5195625	34.89422853	40.88953273	43.93408268	38.22212293	37.06712586	35.33569534	37.03111889	39.3998019	36.29514636
1.5257875	97.05245122	107.6240438	98.13429424	73.74959929	45.14351102	35.03760258	36.00247398	38.41499105	36.06143909
1.5320125	185.0105428	167.8451533	138.9291506	84.96578071	44.3996536	35.01288683	36.47921029	38.32845408	36.50492738
1.5382375	139.2280505	126.3915979	94.58403286	51.86857892	36.26976737	34.87965957	36.23633225	38.83970203	37.11484037
1.5444625	72.11769383	60.89553274	49.94553871	35.64270768	33.66529583	35.08205935	36.51559069	38.67404498	37.71395848
1.5506875	35.76043064	33.20666788	30.30161321	29.456815	33.32540316	35.03461175	36.41476773	38.89798791	37.83305938
1.5569125	24.3355987	24.08053877	25.98767067	28.06686167	32.8816054	34.49809417	36.09494864	38.42947764	37.63649279
1.5631375	22.28688391	22.98418548	25.17729571	27.9058291	33.16304603	34.76783168	36.24790715	38.55318973	38.00318635
1.5693625	22.00117336	22.54130394	25.04590317	28.24441071	33.25072951	34.84003392	36.66766156	39.13387483	38.16811854
1.5755875	21.46676689	22.45968975	24.81074583	28.08527734	33.51846252	35.07280561	36.69725562	39.38155159	38.41852415
1.5818125	21.36082451	22.31916873	24.77304316	28.49056491	33.31374021	34.77815131	36.19546971	38.90513523	39.06070053
1.5880375	21.31950386	21.90364235	25.13342458	28.14771947	33.40166572	34.89751275	36.41446455	39.00351424	39.95025311
1.5942625	21.75884249	22.36477978	25.19489556	28.25057117	33.49838277	35.07675558	36.86832802	39.56242027	41.04323842
1.6004875	21.22233511	22.02544407	25.00359059	28.31899208	34.1354219	35.71146873	37.39297761	39.77409309	41.92389527
1.6067125	21.23063804	22.26813379	25.34937992	28.52295405	34.17249633	35.82586834	37.79830691	40.60704058	41.73167087
1.6129375	20.86318946	21.88095464	24.88258913	28.51412601	33.92366776	36.01317585	38.05408808	40.71715958	41.05039232
1.6191625	21.19143351	22.47852262	25.02793477	29.15452923	34.9473097	37.28664076	39.119735	42.07165281	42.18633494
1.6253875	21.74487963	22.4636818	25.12286635	29.48262503	35.14086307	37.85287368	40.03326543	42.91664735	42.99731486
1.6316125	21.71517402	22.51468009	25.34711842	29.48217672	35.66150893	37.77871785	40.7600258	43.54849132	43.87613711
1.6378375	21.61937907	22.38837161	25.27516832	29.3923046	35.76416549	38.68510228	40.9278356	44.23475596	44.49265346
1.6440625	21.24648097	22.27780951	25.45168848	29.59166522	35.74200837	38.88923035	40.92123623	43.84380877	44.71394557
1.6502875	21.29144972	22.65273566	25.53075177	29.55760888	35.52889523	38.90930729	41.74282604	44.31546438	45.0055291
1.6565125	21.32642383	22.32477673	25.60324665	29.54056734	35.8898566	39.01345544	41.45282139	45.10820852	44.43166276
1.6627375	21.2773033	22.14129864	25.43363886	29.67610059	35.72371827	39.30823828	41.40808351	45.3688561	43.94032376
1.6689625	21.08235109	22.23589403	24.91282435	29.46260258	35.64934222	38.4579349	41.60011463	44.51131034	42.75920812
1.6751875	21.12732199	22.15795242	25.53035948	30.0468786	35.62891579	39.06712741	42.22608464	45.52941121	43.30676635
1.6814125	21.29543905	22.57907571	25.6399322	30.16122243	36.73626032	39.86217328	42.52866269	45.59784158	43.39290356
1.6876375	21.59873986	22.91686456	26.77828634	32.75689524	39.07835337	40.07713197	42.68995683	45.74197801	44.04732708
1.6938625	24.08421097	26.14543639	31.83646153	41.27442823	41.13485047	39.25672237	42.11495546	44.73704117	44.03247585
1.7000875	28.75661813	33.18182897	38.21402939	48.22934779	41.76411147	39.42147723	41.96827372	44.68894279	44.43178327
1.7063125	34.00605113	38.70369513	39.01388777	38.48151167	37.77145041	39.52891024	42.47419393	44.60821771	46.33631289
1.7125375	36.63921265	35.55344308	32.60866168	32.60232798	36.67114959	39.74961871	42.06676121	44.72484256	47.91704684
1.7187625	29.56351087	28.08687575	28.32476801	31.01999903	36.26183598	39.22423003	41.92925891	44.88624322	49.72888374
1.7249875	25.08805826	24.7210506	26.94405348	30.0639587	35.99313141	38.3044394	41.22182609	43.56885363	49.18198329
1.7312125	28.40591223	30.37576431	33.35625761	33.7170585	36.69924539	38.52091033	41.5801065	44.76685712	48.69503605
1.7374375	42.06249764	43.49277038	44.06426028	38.94644289	37.78804715	39.06547863	42.01310512	45.11486824	46.4839521
1.7436625	48.47903321	49.41199478	43.24365337	37.84262194	39.03814476	40.22449775	42.84894128	46.60756758	44.04461713
1.7498875	40.24993495	37.38369952	34.56172178	35.9361059	39.71452353	41.35458043	43.82360474	47.74899873	41.6348055
1.7561125	28.35528083	27.90526429	29.85795609	34.69462266	40.09619608	42.09778026	44.60563752	48.15958938	40.29209495
1.7623375	24.23858859	25.0491892	28.06466689	34.35510714	40.57692885	43.09098544	45.39621636	47.9885891	40.05661493
1.7685625	22.27714249	23.48634682	26.94572951	33.78457611	40.24359489	42.19860524	45.48870694	47.51026886	38.77299162
1.7747875	21.6522404	23.42061818	26.96028395	33.64518014	39.45650326	41.84602787	44.20012852	46.44422707	38.12661696
1.7810125	21.24797179	23.32973639	26.48189277	32.28774884	37.40416696	39.49610015	42.04420203	43.40043322	37.25970453
1.7872375	21.48781305	22.97233459	26.27367825	31.6025389	36.2281273	38.95843459	41.14606545	42.57398895	36.84237628
1.7934625	21.57718918	23.10349524	25.98323758	30.30347912	34.79690713	37.53595497	39.8202607	41.52299357	36.34074443
1.7996875	21.39309889	22.59996504	24.95624005	29.11550114	34.14695549	36.16266786	38.67029844	40.5274381	35.74556509
1.8059125	20.87952498	21.71381392	24.3079886	27.81278364	33.18525044	34.96422279	37.30854781	39.24291092	35.08160906
1.8121375	20.184708	20.95884769	23.51586779	27.26714471	31.76451249	33.91018551	36.00833213	38.04029821	33.68983085
1.8183625	19.72041055	20.79311764	23.11152928	27.11513181	31.75932769	33.77196619	35.48209242	37.72137024	33.85145144
1.8245875	19.33523732	20.54347501	22.96016888	26.65514225	31.68011461	33.44066248	35.07082825	36.71837786	33.40648752
1.8308125	19.29811572	20.08140493	22.66315035	26.46030897	30.99692772	32.55722411	34.24464745	36.18341928	32.96029454
1.8370375	18.86495761	19.69833017	22.08540814	25.76266477	30.04612794	31.46463459	33.21939126	34.97931822	31.83248828
1.8432625	19.06961156	20.00911894	22.33761608	26.20365435	30.4367962	31.56279876	32.79139792	34.82433482	32.54748209
1.8494875	19.43687957	20.50783262	23.21896727	27.38063654	30.11401149	31.23949206	32.55645059	34.3481885	32.59034741
1.8557125	20.2713253	21.36441816	23.33123494	26.50129419	29.66105536	31.08214974	32.32607133	34.21788948	32.30404619
1.8619375	20.36583159	21.54476617	23.33105026	25.63215469	29.40094345	30.78198495	32.15359015	33.81015256	31.802611
1.8681625	19.96663661	20.25751203	22.08351706	24.53691451	28.93243712	29.74221545	31.37936792	33.05335779	30.74639838
1.8743875	19.32687752	19.96111996	21.91167941	24.85322537	28.93712224	29.92106903	31.5931627	33.35296208	31.36209647
1.8806125	18.83048298	19.35448864	21.57661859	24.58892924	28.75428855	29.96761876	31.18112318	33.01466782	31.05155058
1.8868375	18.56189756	19.56789045	21.60096173	24.45113413	28.82639346	29.93366955	30.76391763	32.69439526	30.62293723
1.8930625	17.96260751	18.70356571	21.14407261	24.15863685	28.41328877	29.09856351	29.99516422	31.82014439	29.79005613
1.8992875	17.93371928	18.96930283	21.07477635	24.15009893	27.92708597	28.90830105	30.20639068	31.80686985	30.13128603
1.9055125	17.92960235	18.87587427	21.29285146	24.11730089	27.72949845	28.8577673	29.86482354	31.49102473	29.64846843
1.9117375	18.09717006	19.15165568	21.20362246	24.00637322	27.3840418	28.49424053	29.27327583	31.16082448	29.1441255
1.9179625	18.01237063	18.84497558	21.02348302	23.6919924	27.14263733	27.86253091	28.9079154	30.46732841	28.60002591
1.9241875	17.67628473	18.49350916	20.53455562	23.0465212	26.49850148	27.27489909	27.99744689	29.63989587	27.74372209
1.9304125	17.6783036	18.84079328	20.76044873	23.18838616	26.7185248	27.33286939	28.25420747	29.25174147	28.21422167
1.9366375	18.03494353	18.57767198	20.44144328	23.01263362	26.26155194	26.93043049	27.82969949	29.3722197	27.7573165
1.9428625	17.84355701	18.53281101	20.65177819	22.82472105	25.76457033	26.65481376	27.38442902	28.82090796	27.67340958
1.9490875	17.4232569	18.2866405	20.06620687	22.51549216	25.17913415	26.22331121	26.92059494	28.65311345	26.45296806
1.9553125	17.48853179	17.95912982	19.66836078	22.06214587	25.27979946	26.14261826	26.70149675	28.08156586	26.23731804
1.9615375	17.32132331	18.22934075	19.94452313	21.67674404	25.03839233	25.67615143	26.46066996	28.10360916	26.29261415
1.9677625	17.41006996	18.00507675	19.87425422	21.82469484	24.94524076	25.78765848	26.42223961	27.91081438	26.04885288
1.9739875	17.9852026	18.8906063	20.552929	22.16131569	24.98228723	25.41024871	25.87966573	27.65513928	25.6328127
1.9802125	21.65810567	23.16444123	24.93100937	23.62034873	25.22039205	24.49465288	25.20858868	26.4123281	25.0608306
1.9864375	45.36908512	49.70287382	49.35628863	31.77760218	28.97663956	24.72370741	24.97442304	26.95328497	25.04676097
1.9926625	71.24938867	75.34429686	60.84232343	38.76611885	33.56211255	24.62938608	25.04973868	26.60694285	24.78410163
1.9988875	80.09455567	74.69230953	56.98389753	38.33113769	29.2132747	24.48087209	25.03580638	26.31886216	24.69113205
2.0051125	55.56890547	48.26269591	40.89257128	33.30830826	26.46718368	23.85757271	24.40828217	25.61073521	24.17080935
2.0113375	44.7740434	42.04964923	37.00410522	31.86874499	25.59642739	24.00115194	24.42165839	25.55601772	24.21557764
2.0175625	39.77645963	36.44563799	31.97663972	28.00753055	24.38888854	24.00457092	24.3588596	25.73779743	24.07042303
2.0237875	30.34131868	29.62352296	26.55691748	24.19827188	23.77249378	23.97264037	24.08005303	25.68886443	24.20134287
2.0300125	24.13906619	23.46099313	22.41863558	22.41454847	23.24745804	23.76508579	24.4288943	25.73565178	23.9895996
2.0362375	19.90491454	19.51281859	20.04131746	20.92543608	22.65492425	23.21585616	23.97079724	25.09770453	23.7155795
2.0424625	18.15939789	18.70815058	19.79432816	20.83322857	22.74933977	23.49351733	24.04022685	25.15840815	24.02121625
2.0486875	18.09620652	18.55793856	19.9432576	20.44931407	23.18202707	23.19885799	24.08520717	25.23246262	24.05870333
2.0549125	19.01795007	19.45972009	21.03292113	21.20457359	22.88909879	23.32116648	23.68038089	25.23569187	24.09258658
2.0611375	22.8219889	24.07842197	26.67692424	22.69503686	22.82572847	22.97053649	23.38742048	24.60011134	23.8802217
2.0673625	29.85491477	30.46885401	33.29214921	25.24308166	22.99070762	22.97132471	23.1577955	24.74353386	23.97986109
2.0735875	30.09800762	29.89988644	29.58649596	24.94888239	22.87608602	22.70451318	23.16179512	24.52834933	23.99688867
2.0798125	29.64931649	30.20618175	27.66432749	23.18004316	22.65772451	22.48650254	23.08975447	24.29958139	23.7834262
2.0860375	29.27724038	29.42432338	25.52671787	21.53110038	21.8978893	22.49548633	22.89471281	24.00418436	23.83536302
2.0922625	23.38729943	24.30991199	22.96025269	21.10129063	21.7307811	21.77962864	22.54421817	23.57411367	23.2181247
2.0984875	23.06455691	23.90074406	24.01896265	22.14670137	21.90750487	22.00015286	22.26400989	23.87482198	23.36500397
2.1047125	25.89315556	26.09959964	26.4861613	24.20320135	22.27048758	21.67680958	22.28485638	23.43210482	22.95772256
2.1109375	27.96434466	28.54484197	27.68748136	23.05503754	21.93427027	21.63286626	22.15281952	23.36825025	23.00310819
2.1171625	25.85499584	26.38352001	24.24338665	20.67337091	21.11522991	21.5284539	21.97089749	23.00155684	22.91054772
2.1233875	21.5861157	21.17932364	20.53788268	19.59518037	20.65600012	21.24689315	21.7405896	22.97789922	22.87335917
2.1296125	17.8915642	17.73826974	18.10065264	18.67776798	20.74188349	21.34552485	21.83100315	22.89229631	22.69244318
2.1358375	15.80469723	15.96065013	17.28296205	18.54959667	20.70279044	21.22643409	21.88055441	23.00979311	22.61093465
2.1420625	14.86231696	15.44788708	16.82687636	18.24643893	20.59653642	21.12900125	21.54221654	22.66137346	22.218479
2.1482875	14.58303183	15.31327406	16.50786001	17.77284436	20.12180428	20.49383051	21.11494896	22.42760356	21.60792712
2.1545125	14.54818288	14.93530925	16.49759197	17.69861977	20.28782434	20.58448882	21.16598488	22.80406969	21.60631586
2.1607375	14.63266245	14.93499094	16.36790784	17.57510615	20.18412361	20.75291756	21.36714442	22.53670004	21.14670686
2.1669625	14.48300235	14.82763114	16.29397583	17.85880607	19.98677934	20.50714925	21.25261535	22.49186428	20.88321135
2.1731875	14.49010563	14.7819234	16.28771068	17.57388313	20.00706582	20.4058075	20.64320809	22.10240576	20.68711301
2.1794125	14.71141323	15.33391329	16.76869608	17.56278875	19.74808015	20.01190902	20.93535489	21.89512667	20.40633357
2.1856375	16.44855532	17.05999301	18.26984411	18.177914	20.03277927	20.24913307	20.72863624	21.74735778	20.15361445
2.1918625	17.53378743	17.64274801	18.58287751	18.57994968	19.9090884	20.36445396	20.76402585	21.51895772	20.33916082
2.1980875	17.37117553	17.88610581	18.69202111	19.07792905	19.9175512	20.06949296	20.65155756	21.56697465	20.1145819
2.2043125	17.21430397	17.7756706	18.57953997	19.3132603	19.69848463	19.7237963	20.10305405	20.86353417	19.69111008
2.2105375	17.66161045	17.84890513	18.77604474	19.23031584	19.833216	19.68880011	20.14094226	20.69683819	19.52986171
2.2167625	17.90804551	18.05828301	18.67474728	19.67689426	19.69801195	19.54023642	20.00851727	21.00553331	19.77201425
2.2229875	17.46945559	18.22111165	18.82155661	18.75773834	19.41814067	19.40954098	19.9086111	20.82011286	19.56473975
2.2292125	17.8762618	18.4270831	18.02712102	17.80429188	19.16051263	19.38025579	19.64005852	20.48066064	19.45629684
2.2354375	16.50391248	16.46642933	16.77162814	17.79184434	18.99832839	18.97433572	19.37844874	20.17043136	19.29775893
2.2416625	15.78946247	16.35705129	17.14726384	17.98590557	19.25802358	19.27863635	19.17526819	20.39760207	19.59761097
2.2478875	15.95676668	16.65124065	17.8967244	18.83903532	19.22581118	19.19049864	19.33476339	20.68688802	19.50843986
2.2541125	16.87656307	17.60129081	18.573518	18.63922887	18.84882563	19.12895873	19.31992709	20.23405123	19.70398998
2.2603375	17.84207484	18.7557357	19.24123078	18.27323573	18.95292999	18.75572385	18.9485776	20.03335081	19.27161998
2.2665625	19.44925698	20.03739723	19.95093638	18.83453352	19.05920797	18.67189775	19.03186317	20.03230961	19.32949646
2.2727875	20.07922824	20.17783933	19.84482044	18.62973961	18.76229773	18.72770992	19.02694094	20.25915442	19.33563161
2.2790125	19.0543764	19.33519332	18.96107626	17.99079218	18.68536007	18.71806768	19.14625748	19.89358784	19.56522861
2.2852375	17.99310155	17.57422742	17.64173015	17.75372609	18.66231041	18.66457145	19.02451077	20.1485701	19.54915957
2.2914625	15.70423453	15.88703007	16.4128136	16.76840435	18.16846358	18.23519447	18.95912707	19.81164733	19.34918634
2.2976875	14.95493987	15.03274929	15.68949802	16.63857207	18.49216555	18.70426213	18.8551349	20.03111179	19.40592144
2.3039125	14.30508243	14.6243851	15.32713965	16.54506602	18.25220827	18.42445188	19.03644527	19.93228916	19.4788812
2.3101375	13.83098547	14.16845997	15.41457472	16.24277395	18.30128954	18.58326116	18.85607833	19.89978923	19.27055169
2.3163625	13.34450598	13.7181061	14.62917982	16.06319377	18.04679672	18.1587165	18.71424501	19.90647508	19.09760278
2.3225875	13.12329093	13.62976096	14.67558601	15.90104352	17.90077999	18.423225	18.70725457	19.72912055	19.19398737
2.3288125	12.9853442	13.44732778	14.72079866	15.85662421	18.23258941	18.31626559	18.84767279	19.81429475	19.14058439
2.3350375	13.07556869	13.4159452	14.68294004	15.7583492	18.03242954	18.4063533	18.73296786	19.89580546	19.40816594
2.3412625	12.92620027	13.45849304	14.67578241	15.88529157	17.8477396	18.19218001	18.96456405	19.86036716	19.07104868
2.3474875	12.95684653	13.28882763	14.47389246	15.49978337	17.55018462	18.00505013	18.67726271	19.46795081	18.47623184
2.3537125	12.90936956	13.31857554	14.54028494	15.68813179	17.78689873	18.15409637	18.73554258	19.75046678	18.5449855
2.3599375	12.79303371	13.23975747	14.45069739	15.67577283	17.84639858	18.06875309	18.91648603	19.52782105	18.39123445
2.3661625	12.80778273	13.22401758	14.42099865	15.55866869	17.40051114	18.18029828	18.55298826	19.59487183	18.48650412
2.3723875	12.49943022	13.009954	14.28765231	15.34372686	17.22102019	17.84867354	18.13607098	19.35149255	18.16315955
2.3786125	12.26291761	12.69766006	14.05891816	15.09937836	17.35690548	17.54486167	18.094177	19.02586589	18.16839397
2.3848375	12.32505415	12.75307775	14.0654378	15.18705934	17.37020242	17.79106229	18.03230479	19.05686727	18.23375037
2.3910625	12.35519346	12.7119549	13.94484845	15.31798209	17.30371402	17.5697687	17.91419911	18.98779232	18.14614947
2.3972875	12.17967747	12.58680293	13.84891063	15.29500954	17.00326448	17.44713889	17.75386522	18.96057136	17.89774166
2.4035125	11.8985551	12.35029143	13.74032623	15.00567332	16.81802303	17.31146131	17.7746364	18.43888593	17.49540349
2.4097375	12.09890923	12.38464898	13.73223279	14.94262348	17.00668623	17.19367655	17.7311967	18.52518863	17.7494751
2.4159625	12.16031703	12.5691309	13.64410393	15.0353431	17.03955856	17.26773863	17.5565809	18.74840527	17.94495275
2.4221875	12.14952461	12.49580643	13.66005225	14.96300643	16.89842489	17.23839694	17.57999103	18.55092475	17.76149813
2.4284125	11.82052525	12.28449481	13.32747028	14.75247644	16.82423498	17.02053722	17.32355116	18.39093768	17.63160163
2.4346375	11.84891803	12.23362915	13.55328465	14.71215421	16.77074344	17.00990579	17.71220296	18.33760554	17.81847774
2.4408625	11.8683783	12.41728953	13.4564916	14.82761709	16.7070238	17.06413558	17.55181543	18.5401244	17.66058213
2.4470875	11.95777648	12.36276392	13.46660185	14.80397001	16.76307394	17.11240825	17.70431752	18.36887317	17.74894865
2.4533125	11.69182933	12.22933723	13.46549106	14.73390433	16.7652243	17.26035206	17.60104468	18.30651378	17.93571485
2.4595375	11.75641568	11.96357985	13.21414888	14.61065004	16.47123407	16.94566345	17.28153669	18.33153366	17.52243523
2.4657625	11.80882848	12.38802041	13.41224502	14.79546403	16.58032803	17.15036066	17.48655462	18.19438096	17.67030979
2.4719875	11.95000962	12.14074416	13.31379678	14.94000343	17.00975886	17.29832033	17.65560744	18.57839305	17.82849783
2.4782125	12.11085248	12.64592946	13.8632647	15.27718769	16.96038232	17.5482964	18.2584226	18.99513892	18.27065304
2.4844375	12.40387905	12.71338637	14.05324951	15.27843828	17.40762039	17.85243436	18.35664082	19.53951028	18.37474959
2.4906625	12.28604824	12.48439303	13.83599999	15.2869796	17.33274941	17.74280099	18.25411461	19.15639993	18.42470498
2.4968875	12.05839761	12.42007252	13.6074687	15.05115515	17.1173281	17.33981223	17.85115715	18.77447968	18.34538554
