Q A-1	193	194	195	196	197	198	199	200	201
0.1749625	49.65139544	51.61351013	51.48897843	49.18962017	57.73528122	72.88298126	60.28836296	76.38445764	69.31701722
0.1811875	50.18754434	53.33020866	53.10661285	54.57075711	59.94865222	62.05506729	63.37643122	65.33288179	68.88886201
0.1874125	50.94995833	43.82518441	51.51110959	55.94479279	60.06003775	58.11569946	59.81169618	65.83937795	63.4245703
0.1936375	48.41557763	47.62602446	51.89592426	49.39597557	60.81412566	63.09643174	63.59762958	65.92282183	63.91916655
0.1998625	48.72740496	45.22796718	51.06762115	50.96648314	59.00754604	61.27856308	64.01544304	69.56239384	66.93559125
0.2060875	44.1355876	48.38620959	52.05556109	51.51353596	61.41843225	64.07104009	63.00683523	70.15285889	69.32213607
0.2123125	48.51364858	50.56813902	52.75840183	52.26290356	61.43610939	63.62800016	69.87399171	76.92943763	74.58277143
0.2185375	47.56278251	48.63690718	54.57230365	52.27049775	63.622475	67.90702554	71.53182226	82.28388781	77.91077385
0.2247625	49.71661453	50.26766908	53.78336829	55.71075475	69.33652718	72.83764474	76.32764376	85.25561413	87.50482597
0.2309875	50.13748937	50.50523395	54.7087125	55.18970235	69.45803221	81.27490899	88.57507936	98.21788097	99.69344393
0.2372125	49.56175689	49.93921552	57.11387422	58.8240597	74.81076745	84.37004693	92.3523672	105.0488568	107.669813
0.2434375	51.51948087	52.80977836	58.33204477	63.34747248	78.56197903	88.8956734	96.47580247	104.4348566	116.5704574
0.2496625	53.54107934	53.23571532	61.86907364	63.39236494	83.18061811	96.25190787	103.7795805	115.4614194	139.7801158
0.2558875	53.57955564	56.09369495	65.6036445	68.20496377	92.27676949	105.7300369	111.4558245	125.7571134	161.2142362
0.2621125	56.11145488	56.78638208	69.36317268	74.54295673	99.55679155	118.7504603	128.4813603	141.0640643	182.9514688
0.2683375	59.6029398	58.99534009	70.30804327	82.12467089	112.2326622	130.7074801	138.0972982	160.2669192	219.7504016
0.2745625	62.01260208	64.23815648	79.79460582	93.45778468	126.5004988	152.2664269	164.3106182	187.9159169	273.1816292
0.2807875	67.03538892	70.34190376	84.89331737	102.2911802	145.1320389	172.6074723	192.0233625	214.9056707	331.766945
0.2870125	69.82973431	73.57137541	90.6790511	117.1148956	158.1700115	196.1073072	218.5194071	251.4756915	395.3457797
0.2932375	74.42925475	80.48558571	99.64328838	126.959735	178.9230577	217.9952618	251.1141683	274.4022139	443.8381885
0.2994625	78.63448818	84.26222999	103.1559504	135.1830831	192.0356617	236.0563562	271.1849742	303.6823821	473.3382623
0.3056875	84.9804443	89.09025442	111.9650379	150.5004124	212.7845137	261.8648069	300.2409418	338.2842033	476.2478921
0.3119125	83.47655532	89.38694604	114.5732938	152.5858609	218.617113	263.5970888	304.3958991	337.3643255	424.7385268
0.3181375	86.10232249	87.87027368	112.7062065	146.8014701	209.6414566	254.6951388	292.7395184	325.4453714	358.6237596
0.3243625	83.61148587	84.62669044	108.3786367	139.1637632	193.4562645	241.1534182	273.7112937	303.1985169	307.1245343
0.3305875	82.29741265	84.0966895	104.4490201	135.698658	181.3624892	229.8390897	258.0233582	289.1382558	261.9566632
0.3368125	77.16385283	77.74493298	97.71116209	114.1483974	162.3723375	196.5273016	219.8152418	247.1068673	210.4098498
0.3430375	71.06800407	71.83572361	87.20064342	104.0990994	140.4093258	168.6792211	187.1188713	210.6027333	168.526811
0.3492625	66.89953067	70.3680809	79.27449816	93.36416791	121.7628046	147.0147512	160.333036	177.6540503	145.881712
0.3554875	63.24458186	62.38384628	72.6661219	83.77503384	110.0932471	127.9428952	143.7835753	156.7309709	123.0825832
0.3617125	57.628492	58.60209133	68.18844243	74.54565044	98.49923635	114.4806115	121.0063024	137.799675	110.0499165
0.3679375	55.62006326	55.7889493	61.83988081	68.17503708	88.32337191	102.5480144	105.2339389	117.5060511	95.46582424
0.3741625	53.87002312	50.87426551	59.47668963	64.24721365	78.2449558	91.34635897	95.43258021	106.8247113	87.47057118
0.3803875	50.91532507	48.40955857	57.74432296	59.99789189	74.81612182	83.50162406	86.64525451	96.18716108	78.82715985
0.3866125	49.64291959	47.54820157	54.25003926	56.18248333	70.14214565	74.89116041	77.99476247	87.71193387	74.89582957
0.3928375	48.83910735	47.10876725	53.39219818	52.15571945	66.21282423	71.64671566	73.48077807	82.20152571	69.00924514
0.3990625	47.4175469	47.00728035	52.39685718	52.52568293	64.22794308	69.36663258	70.18942905	79.02623932	67.13494003
0.4052875	45.49163784	47.40995783	51.00090347	52.01627634	61.33992821	64.87005891	68.67563675	74.09930263	64.96846373
0.4115125	46.23169795	45.40152519	50.14979873	50.06660929	60.05658688	63.54899705	65.89199093	71.50591621	66.24019737
0.4177375	44.32843105	45.59296727	52.00520807	53.58441463	64.9676336	66.20368001	64.63833616	71.57617235	66.65129268
0.4239625	48.98119533	50.2867905	56.96260086	58.57516143	68.94313568	67.60163358	67.59356288	72.6973442	66.99081161
0.4301875	49.4231743	51.29337862	59.21101789	62.86266991	69.16494577	66.72006876	66.66861044	72.17801176	65.6836254
0.4364125	53.2563361	54.74082157	61.43946818	66.24651855	70.36361238	66.26679028	64.31090009	72.51857837	62.43796091
0.4426375	50.05084078	51.70524333	56.76682561	58.45153418	64.53727668	65.09715453	64.2050894	67.08233977	60.74476652
0.4488625	45.09596328	45.30508462	53.75372154	53.28822332	62.65897416	61.00783475	61.61002006	68.19897968	62.65403845
0.4550875	45.05663454	46.07098019	50.72322829	55.54087432	62.23362782	62.99510691	63.40676983	68.98707468	66.04399621
0.4613125	45.37567125	44.66949232	52.73060215	54.94442248	65.55089093	63.32459824	62.60904251	70.69968719	70.44931545
0.4675375	45.50690867	45.62414769	52.18416301	57.46398975	68.97287976	67.27049555	66.05524737	74.32428739	71.53913038
0.4737625	46.29094381	47.27674008	54.33475757	59.02663885	77.08365137	85.05166926	83.19795326	90.74386833	107.4410036
0.4799875	46.44097174	47.7117729	57.54264988	68.9391288	94.46392852	115.6737189	132.4043812	140.1387095	163.4413343
0.4862125	44.92493781	45.50241179	54.03530287	60.86575418	80.85275936	97.21594287	109.0398547	122.9492178	109.679326
0.4924375	43.57666228	42.91342293	48.70810542	50.33837915	61.76047343	67.23793487	72.45891178	81.56015802	77.10311627
0.4986625	42.5154678	42.02103331	46.94029723	48.18221936	57.11753335	63.76396269	67.40093856	72.78551127	77.50510641
0.5048875	42.69781578	43.20759335	47.04652563	46.97601057	57.94839665	63.93121169	66.73459739	75.21590463	87.03907118
0.5111125	41.86573226	42.91646622	47.06773816	48.40227536	60.25510612	67.85941075	69.46871996	79.97636393	108.9513401
0.5173375	43.14500866	44.45052856	50.54573667	53.16828158	67.55669066	80.29587924	86.86855204	97.15459507	170.0023476
0.5235625	47.43327114	49.31055486	57.58738828	67.12511345	92.4630195	111.0821792	126.1401127	143.8328943	212.9181493
0.5297875	56.80953766	56.47938224	72.14224177	90.12229624	121.9181274	146.6389218	167.9686954	185.1113085	236.0001246
0.5360125	56.46403194	58.5201012	73.97946948	93.22213926	126.3499087	159.877956	186.2405046	210.090678	225.6660778
0.5422375	51.52029452	54.92105095	63.29719585	75.71449751	100.9726444	129.2667078	155.3951766	172.4128798	134.7109006
0.5484625	46.52686867	48.59917027	54.38652218	61.14600449	75.44744799	94.71690996	104.7891118	115.3708472	99.0818705
0.5546875	44.36396876	44.01124887	51.0474724	54.47933121	67.61450863	78.72733885	86.87348722	97.10850372	85.27921154
0.5609125	42.28542001	43.58444551	48.06982421	51.90113307	64.226825	72.44205863	79.49657225	86.93885137	73.62801815
0.5671375	40.51755412	41.45036889	47.18902322	47.64702043	58.08173232	62.77697324	64.13224635	70.89391453	59.77042
0.5733625	38.19434713	40.52864498	44.70215445	47.98604339	56.5355358	56.33483311	57.55426147	62.35562661	54.82392278
0.5795875	38.32372677	39.47472684	44.08142421	44.56143183	55.70130906	55.93429887	55.47349544	58.89953742	56.94060001
0.5858125	38.10949839	37.32654384	44.74042659	46.97015916	58.33687588	61.89294111	61.42096823	64.37164669	68.01204011
0.5920375	38.00460294	38.12839423	44.44810975	48.4284219	61.99608215	68.10711749	71.22232644	76.73797969	90.77833698
0.5982625	36.6208841	38.86921859	42.97005651	47.89078038	60.9299658	73.54760745	82.44572668	88.57183543	103.2754734
0.6044875	39.58556948	39.59457529	44.33503833	45.62315817	57.60909505	70.50059778	82.11064858	95.30165979	86.17098387
0.6107125	36.39972012	35.77667262	39.91628052	40.8520734	49.0593804	59.3046266	69.2260922	81.27377242	65.82616132
0.6169375	36.14442132	36.31612245	40.2829179	39.40178377	47.3686168	54.65097674	62.14192696	69.55965379	59.78762884
0.6231625	35.13780996	34.51380604	38.55065104	37.93814711	45.72189693	50.52222001	55.57328852	61.14029884	57.3358852
0.6293875	36.39415353	34.9769132	37.79086937	37.98228501	43.86906517	51.11033357	53.58158304	58.96313385	63.19963062
0.6356125	35.81691589	34.60423358	38.8315643	38.83417358	47.21943063	52.38194705	55.22342194	61.02863084	77.44939571
0.6418375	34.83362376	34.08340861	40.07417065	40.28055798	47.76300887	54.11312888	57.88581382	65.85592859	77.47488798
0.6480625	36.37297837	34.49154668	39.83826877	39.00817244	49.09464113	56.44405061	61.29961522	69.18231293	54.23197486
0.6542875	33.97390109	33.38851664	37.32594503	37.64681772	45.78611464	51.37496457	53.57803103	60.48708211	42.35660053
0.6605125	33.33758963	33.38836965	37.04265203	36.03169016	41.12417422	44.65553049	45.90547047	48.90122964	41.00498796
0.6667375	31.97915312	32.20533419	35.03404375	33.57836879	40.48887395	41.58250972	42.22529543	44.86821081	41.53697748
0.6729625	33.62319871	33.14173519	36.35449333	35.04777011	39.48744974	40.9205091	40.8415202	44.31107471	41.92722585
0.6791875	33.64045128	32.19622899	36.21880025	33.84229926	41.94775976	42.48238253	41.22347204	45.23720884	47.97425734
0.6854125	33.04237319	32.37495188	35.30968962	34.60419485	42.44816453	45.5442976	45.13295745	48.61185492	46.612117
0.6916375	32.92090522	33.47299153	36.27196771	36.45420081	41.93649491	44.50310035	45.46475036	48.21720543	41.76185236
0.6978625	33.16829244	32.92242903	36.47826189	34.51130913	39.39426417	42.16011162	41.50714481	44.70493838	39.75352922
0.7040875	32.23735081	31.80315849	34.94572122	34.57383307	39.19241355	39.6316473	37.95461273	41.88624116	37.68010509
0.7103125	32.08022733	31.22938478	33.9578282	32.09950883	37.12830022	38.00408454	37.04754678	40.90895082	36.04856324
0.7165375	31.06513858	31.34249136	33.95156148	31.67291325	36.75785674	37.6468089	37.00444481	40.35226991	36.12476409
0.7227625	31.5265626	30.29846745	34.27201695	32.20967346	36.5205631	37.79073354	36.97526988	39.88801802	37.48272207
0.7289875	30.7337657	30.38382537	34.21797945	32.85836104	37.09077745	37.76466259	36.00839853	40.73046166	37.15290864
0.7352125	31.44294683	30.95658653	33.84071612	31.90287514	37.16161446	37.41775445	35.34083404	40.08954047	36.8443454
0.7414375	33.33361425	32.62869131	34.9889609	32.85892181	37.15609796	38.17145383	37.09554647	40.23880143	36.22486967
0.7476625	56.57885767	56.32899051	54.53009402	52.59105652	40.26152209	37.60806977	37.6281563	41.53840146	36.9309088
0.7538875	66.23565748	64.4237568	54.40600995	43.64590949	36.84488944	37.59457484	37.02562097	40.66338841	37.04579861
0.7601125	37.62576823	35.58061854	35.56477605	32.78275171	34.79415466	36.02708939	35.2076235	38.62919388	35.99267804
0.7663375	30.84770093	30.16515709	33.46753744	30.90378145	35.57783413	34.92160866	34.71364623	37.53927043	34.48783637
0.7725625	29.84776367	29.40569275	32.62167136	30.82900822	35.13155738	35.73332715	34.82520088	36.85781671	34.47305425
0.7787875	30.16439732	29.90450054	32.12286175	30.29882428	34.42094963	35.24740962	34.43247853	37.15063533	34.10200381
0.7850125	29.9823797	29.29081556	32.16364389	30.83717489	35.7258473	36.25362586	34.70315196	37.89810763	36.05531492
0.7912375	29.29209214	29.38230827	31.90799149	31.71376386	35.11464066	36.63565538	35.49019477	38.42237282	35.96564577
0.7974625	31.0151791	29.0616997	32.45619182	31.32299257	35.87699858	37.0224673	33.90369689	39.49660096	38.74870798
0.8036875	30.46109633	29.01108162	32.33456532	29.43579414	36.1518818	37.87655608	37.54780156	40.50968526	43.72041116
0.8099125	29.04780809	28.64049905	33.0647512	30.681367	36.95968275	37.61220423	39.56696738	42.77600584	42.42869461
0.8161375	27.96557089	30.57691731	32.86088428	31.80946912	36.59152115	39.57853408	37.40514318	42.81612948	39.36437466
0.8223625	30.4051994	29.16251688	33.30676443	32.49280281	37.74898905	39.84172346	37.77559066	42.05895996	42.33419995
0.8285875	30.11248518	31.7461072	34.24165654	33.08158991	39.58810794	38.63062187	40.8198176	44.39821345	43.96230767
0.8348125	33.76432627	25.94022274	32.32062263	41.71110961	29.93387474	39.43941699	37.31845075	46.29478223	42.04048665
0.8410375	32.38930077	29.61600854	35.67753896	37.84012146	41.91546742	49.05218121	47.25252137	54.82405368	53.53306401
0.8472625	30.68041792	30.61471219	33.67530633	34.82873992	43.09634439	45.85723342	46.98515354	50.56331229	46.68679463
0.8534875	30.83711364	31.06599929	34.82893494	34.47733545	40.73505101	41.68349129	42.71239142	45.84581093	42.12683358
0.8597125	29.85869694	30.20035098	31.9698822	33.83268115	39.02516041	39.33236103	38.27543871	43.94421565	40.7469899
0.8659375	29.79851811	29.797612	33.42341501	32.89340231	37.17123388	38.80233398	36.7490982	41.46388883	40.50682546
0.8721625	28.82880613	29.19713897	31.22008495	31.82179121	37.01627855	38.39083393	37.61893931	41.1657265	42.00047847
0.8783875	27.95815868	28.30079107	32.09958822	32.0788099	36.69902294	37.11385329	38.00200803	40.50168605	41.45156689
0.8846125	29.55049921	28.23326116	32.14623079	32.75969341	36.01831681	38.31558094	37.66993451	41.27051675	40.69755277
0.8908375	29.6312924	29.59056937	32.42507799	32.25231188	37.87256882	38.11266376	37.99432618	41.28697735	41.79244334
0.8970625	28.71568791	28.62057564	32.28903105	31.97119682	36.19823993	38.0013264	37.55361211	41.65416185	41.69684453
0.9032875	29.13231812	29.58018247	32.13947433	31.98766076	36.8226726	38.33025994	37.61950153	40.81442635	41.05505366
0.9095125	29.30693666	28.45842337	31.81998694	31.60554076	36.76545784	37.25343386	37.6122674	41.30264013	41.87571621
0.9157375	28.80894859	29.1236278	31.66232255	32.25058906	37.69239489	38.62152189	39.83173859	42.36623276	42.01650956
0.9219625	28.80562625	29.79615111	32.92678107	32.46718287	36.12864185	39.77083634	39.83880679	41.89839069	41.55860826
0.9281875	30.95461176	31.22957862	35.10632789	36.74825076	39.06230575	39.78605826	39.5444452	44.0299659	42.43364848
0.9344125	34.96355656	38.30550195	40.60278225	42.24108971	38.79732969	39.14696977	40.03305073	43.23636631	41.10037278
0.9406375	39.02043219	37.92160283	37.98809237	34.13096345	37.1394146	39.41587185	39.25219815	41.53528093	39.99079712
0.9468625	31.14008175	30.58653354	31.88502092	32.41636288	37.19965222	38.36032292	38.14030377	42.37640816	38.27807306
0.9530875	28.87428941	28.05894289	31.20575891	31.93975793	36.72592941	37.84097773	38.88824605	42.13030805	38.90949927
0.9593125	27.68934859	27.95692587	31.33494675	31.41666426	36.19568891	37.79441915	37.95235852	41.01855468	39.1168436
0.9655375	27.05694841	26.86859005	30.73372947	30.53897831	36.10355321	37.26187807	36.76429845	41.27942633	37.68876155
0.9717625	27.58570372	27.78975255	29.79578469	30.81451571	36.25496481	37.01321959	37.3655241	41.4356811	37.89526298
0.9779875	27.60960862	26.2479571	29.30675696	30.48453975	36.1070361	36.33104488	36.59670459	40.82094605	36.97551916
0.9842125	26.8586057	27.37040457	30.09826465	30.78644826	35.97651361	36.92344205	37.41369084	40.94559095	37.4802332
0.9904375	26.87342216	26.61118553	29.41207006	29.89307857	34.85738287	36.88189097	36.57151358	40.02953888	36.5952955
0.9966625	28.31220196	26.48965687	29.68808032	29.43361618	35.01263879	36.237704	36.65753257	40.00644103	36.24233708
1.0028875	26.71851278	27.29845779	29.72941285	29.88903468	34.90020054	36.18566211	36.49483139	40.28051061	36.33262427
1.0091125	26.55286701	26.54353321	29.36265811	29.76042008	33.68856999	35.50672167	36.56376031	39.42764348	35.41564454
1.0153375	26.34591823	27.22740327	28.45701605	29.03586299	34.45566477	35.54880989	35.73978062	38.42949033	35.79431807
1.0215625	26.25478463	27.30057713	29.0600979	29.47515998	34.20751365	35.62160565	35.17860355	39.55932842	35.26415379
1.0277875	26.3830131	26.05180275	28.37275192	29.48931076	33.54845934	34.45020417	35.79045484	38.59744305	35.28411563
1.0340125	25.98399671	26.04014156	28.31061059	29.72183341	34.33974842	35.66299808	35.5018849	38.71382735	36.84522513
1.0402375	25.9850755	25.64378195	28.54489422	28.76692796	34.52092704	35.57494226	35.2013779	38.19043421	36.87992105
1.0464625	25.42522987	26.67137334	28.50617945	28.77478538	33.35370648	35.57060162	35.56093181	38.45815661	37.20213959
1.0526875	25.87159261	26.08704395	28.61194568	29.71595009	34.16284635	35.79125922	35.19106171	38.65429326	37.17724389
1.0589125	25.40663538	25.25138277	28.09984159	29.6740589	34.9697939	35.27956161	36.52081336	38.41475083	37.77168708
1.0651375	25.13621275	25.230611	28.34065086	29.54331	34.0474591	36.21884672	37.8074221	38.8634871	38.91027164
1.0713625	26.58125571	26.03678528	28.76559004	29.78229998	34.44363167	35.8561474	36.51245154	40.10765142	38.16355373
1.0775875	26.60962743	26.44810199	29.26975285	30.24366924	34.96180508	35.56841686	36.48845026	40.24473082	38.14812635
1.0838125	26.2371866	25.81037777	28.78017034	30.15941896	35.06244494	35.67027143	36.62382591	40.01210618	37.31104418
1.0900375	25.57375453	25.56117153	28.87918483	29.64567677	34.8711705	36.8625964	36.09184456	38.93124184	37.63280944
1.0962625	25.75433736	25.52564776	28.34424833	29.87009095	34.627848	36.63753482	37.27910808	39.66351764	37.6003198
1.1024875	25.41470551	25.71617339	28.70527708	29.45484421	35.01860862	37.10186375	36.43071298	39.04441546	38.07699337
1.1087125	25.34812439	25.52066514	28.33587548	29.42264882	35.02513104	35.79385235	37.15768101	40.77108407	38.98636258
1.1149375	24.62047741	25.82505935	28.77800142	29.55229556	34.34979141	36.76409554	37.15448144	39.5813605	38.49295621
1.1211625	25.15636369	25.52206679	28.36319584	29.91897647	34.49565812	37.39145811	36.77207691	40.53975179	39.01825707
1.1273875	24.23891035	25.69438311	28.65460772	29.24070275	34.63627573	37.2087443	37.66916298	40.12477236	39.35985574
1.1336125	25.80385295	24.51845677	27.64675838	29.68441725	34.9644394	36.76878726	38.26311105	40.57064084	39.92637359
1.1398375	24.91437943	24.89055773	28.6831023	29.9810641	35.01835474	37.32101925	37.65538399	40.02073439	39.83201089
1.1460625	25.26367829	25.4601222	27.99492709	29.66182706	34.43085944	36.49373465	37.53810658	40.10984018	40.77934569
1.1522875	25.34230305	25.37433635	27.1191605	29.38647232	35.19533396	36.30017079	37.20673618	39.55037252	40.47679712
1.1585125	25.54441088	24.58660864	28.08309831	29.42959755	35.07027016	35.43603468	37.04093892	39.80640368	40.74741002
1.1647375	25.07488793	25.11973597	28.20936891	29.18436284	34.2713231	36.25553063	37.77640342	39.4529871	40.38645632
1.1709625	25.04463571	24.88334541	28.33415534	29.55029019	34.302906	36.78049216	37.14080317	40.02589479	39.50567913
1.1771875	24.80422229	25.28279743	28.36232179	30.24914432	34.46566585	37.01052122	37.78369527	40.72215938	38.74935146
1.1834125	24.6448361	25.8216669	28.68834204	30.79843986	35.68459942	37.00868029	38.08960359	41.96046424	38.67801747
1.1896375	24.64095878	25.5920935	28.20741598	30.17597154	36.16870078	38.41942263	38.00703319	41.03296452	38.51958541
1.1958625	24.47799588	25.59422162	28.74729223	30.11967104	35.57560942	36.59789246	38.67347706	41.39886752	37.45141282
1.2020875	24.88277185	25.01168399	27.7045546	29.57595688	35.13394561	37.58149411	38.197789	40.79433267	38.02415109
1.2083125	24.05577271	25.28836509	27.64408312	29.76373979	34.91581284	37.2966132	37.55259448	40.00066335	37.35536661
1.2145375	24.53688321	24.25104278	27.681553	29.8988832	33.66388864	36.51681064	36.08666003	38.66673068	37.91354308
1.2207625	24.26401599	24.91061818	27.8194182	29.8899677	34.1033287	36.30442378	36.50409488	38.7516496	38.31793993
1.2269875	23.83445052	25.04764012	27.2407472	29.72111356	34.13680441	36.08028228	36.82772015	38.17030639	37.69666513
1.2332125	24.04819492	24.78933855	27.6082079	29.5267931	34.71069531	35.52966834	36.96859743	38.20397239	37.395109
1.2394375	24.09825982	24.6644964	28.13224136	29.46389208	34.35513782	37.09507857	35.68111639	38.98151779	39.27440505
1.2456625	24.14867278	24.90780414	27.82979019	30.1297534	34.77396115	35.72168813	37.86829476	38.57980067	38.30374196
1.2518875	24.0243945	24.11029185	26.88747025	28.51327534	34.50907439	35.91806213	36.20545811	39.2320785	38.54077419
1.2581125	24.04422856	24.46370407	28.13754379	29.35434236	35.19145095	36.13534106	37.33723747	40.28452663	39.98791686
1.2643375	23.53927204	24.92015761	27.44950228	29.77943087	34.9640721	35.85426958	38.15584711	39.63056704	39.72517942
1.2705625	24.21891719	24.79486914	27.75231156	30.5248682	35.93180188	36.94099745	37.88651044	41.57799594	41.59044716
1.2767875	24.85341056	24.94592604	26.92990266	30.44291531	36.68049141	38.0192736	39.21783573	41.53802486	40.91999466
1.2830125	24.08255027	24.84641354	28.13559537	30.31502587	36.03203911	37.95117091	39.13536126	41.62702563	43.89819297
1.2892375	23.92366029	25.01374698	28.24429794	30.84547549	37.98768617	39.37619081	40.59421165	43.93431331	44.96408401
1.2954625	24.43392459	25.1508942	28.28831488	30.97402965	37.83446816	40.10314974	41.50199036	45.90510753	46.03244249
1.3016875	25.04868703	25.31967473	28.01835036	30.94906692	36.90500563	41.30477968	42.8842045	46.19901476	44.02528378
1.3079125	24.60740029	24.28553803	27.95286291	30.65832677	36.6344962	41.14709151	42.19856697	46.10463408	42.28526124
1.3141375	24.48677479	24.59120685	28.03889514	30.56780119	36.17175165	39.19923779	42.06776379	44.50093886	40.09996225
1.3203625	23.99693143	24.86405369	27.66400962	30.532349	36.19341544	39.6243386	41.27981587	43.72187969	38.69340535
1.3265875	24.32204489	25.15234563	27.51145528	30.85067639	35.75145175	38.27055494	39.85528633	43.19669093	39.24193794
1.3328125	23.47759199	24.16311534	28.13252773	30.16512967	37.26925184	38.51459577	38.7655667	41.4265647	38.7891686
1.3390375	24.28632785	24.25502265	28.03654985	31.7433955	36.99935267	38.39816239	39.80886588	41.56429041	39.18024865
1.3452625	24.56600857	25.11658991	28.24075212	30.85757461	37.00410345	38.68152877	40.24886506	42.54361405	42.02099962
1.3514875	23.886007	24.61310369	27.84066265	31.49230216	37.1430893	38.62616654	40.33978051	43.38953053	43.73331001
1.3577125	24.08548523	24.66938017	27.75987996	30.77550168	37.41322383	39.26176092	41.33404877	44.41039085	43.82034709
1.3639375	24.25362086	24.19046639	27.81920939	31.52994324	36.9927877	40.54841439	41.58414386	45.10503689	42.33283378
1.3701625	23.65576468	24.28732026	28.11003836	30.38834461	36.36006518	39.77789394	40.68155933	43.85294144	40.45061
1.3763875	24.20442784	25.08175738	27.47439018	32.03228975	37.61285094	39.96714642	40.32797279	42.45361463	39.94809253
1.3826125	24.15533715	24.94379106	27.86168411	30.50690736	36.09844618	38.70773262	38.77862934	42.07510968	39.49509512
1.3888375	23.30607408	24.39150251	27.06005505	29.96591212	35.77551505	37.87702765	38.88480481	40.49602778	39.17049109
1.3950625	23.60272531	24.26212613	27.77390533	29.95522823	35.54109246	37.49473682	39.03175338	40.82915224	38.53566757
1.4012875	22.77775731	23.89861356	26.67201203	28.37080498	34.59038823	36.5469729	38.4879522	40.71412935	37.09155862
1.4075125	23.45856934	23.97819805	26.83789173	29.0715648	34.42297372	35.75109958	36.91797016	39.34350099	37.32134861
1.4137375	23.18819774	23.83368449	26.05234129	28.53785087	33.65773237	36.12873905	36.02931358	38.88724566	35.96590389
1.4199625	22.75552926	23.88903264	26.43497832	28.76637874	34.21468566	35.2010005	36.74415071	38.01361402	36.01423639
1.4261875	23.47639364	23.54639282	26.61661966	28.42554438	33.69939471	35.03132147	35.35072389	38.00722826	36.40487648
1.4324125	22.25901892	22.91536969	26.30758985	27.87948939	32.71806019	34.27994073	35.11960523	37.8961592	36.1797769
1.4386375	22.35178644	23.6131012	26.41528562	27.1189876	32.86906379	34.98481318	35.99966338	38.1439295	36.651394
1.4448625	22.41554497	22.87432619	25.1256671	28.18537808	31.915014	33.33828629	35.24408337	37.10596965	35.85780166
1.4510875	23.45432349	23.48172275	26.77326706	28.50044587	34.93030015	34.63985014	35.66702344	38.36129684	37.6328615
1.4573125	23.66257956	24.06844992	25.92972737	28.1366691	33.91321072	35.57505282	36.03067436	38.8807585	38.67472288
1.4635375	22.96924838	23.31608415	26.64178123	29.61335885	33.48066756	34.81918522	35.59463127	38.56392636	40.93994731
1.4697625	24.15500972	24.35789598	27.98562045	26.85878229	32.7866676	36.1344058	37.14305771	39.55710087	41.89230133
1.4759875	23.6447497	23.39475059	26.44249466	29.55612858	33.5647229	34.97502087	35.82233369	40.57304555	41.63752669
1.4822125	26.74523828	26.24378641	29.57646302	33.64342888	36.55327345	37.86152798	38.23349163	39.9635572	41.82683317
1.4884375	31.28658072	31.56539465	33.72342181	39.02923882	38.1055559	37.14435553	38.4893633	43.36284819	42.20313845
1.4946625	39.15590367	39.32121505	36.2669312	38.07346831	35.87998094	38.26887888	41.35631259	42.30962184	40.08579687
1.5008875	32.72213372	31.86252441	29.93390336	30.72449327	35.94466188	38.14522027	39.71169339	42.46916098	40.80243779
1.5071125	25.68859245	25.0178594	27.46671661	30.24807491	35.57406885	37.95217953	40.07239593	42.76177076	39.17169543
1.5133375	23.62806442	24.10591903	27.41467301	30.20454001	35.71656416	37.91513217	39.66227028	42.48106208	38.69727459
1.5195625	23.58786556	25.47093415	28.37508238	30.74470721	35.41522409	36.99858131	38.32950096	41.38404442	38.93917435
1.5257875	29.27566376	32.06562428	34.79751106	33.18599572	35.27334108	37.0612311	39.23437643	41.25904059	38.78399735
1.5320125	36.24736889	38.74566321	39.95446294	32.43912795	35.3752336	38.13073653	39.14800507	41.73173662	39.01777263
1.5382375	37.9175947	36.47170927	33.68969711	30.9921865	35.12263813	37.30739258	39.43651093	41.18936363	40.6063816
1.5444625	27.41981105	25.76127277	27.44214362	29.656876	34.85908091	37.62590924	40.02468423	41.75938789	40.86369456
1.5506875	23.26667329	24.75392054	27.3063692	30.6514858	34.6190871	37.47762666	39.25492054	42.25163857	40.53357885
1.5569125	22.61384279	23.54316854	27.09863861	29.83625377	35.40714093	37.95533565	39.02293017	42.84056766	41.67737399
1.5631375	22.94807571	23.7212312	25.85565957	29.43063445	35.27572622	37.21154684	40.25860008	42.09768232	41.37118918
1.5693625	22.84536668	24.01358547	26.70041748	29.76064216	35.37764255	37.75291287	39.15191779	42.20993879	41.2992078
1.5755875	22.42713588	24.00923056	26.77692543	29.64414113	36.38401821	37.18987782	39.63703931	43.04142196	42.49361894
1.5818125	22.39331	24.17268874	27.1697211	30.71048109	36.30889435	38.2934565	39.46249282	42.45437007	44.16199597
1.5880375	23.05216217	24.37064457	27.09582044	30.42069891	36.59555099	38.02201321	39.86980231	42.8477432	45.72579333
1.5942625	23.80995547	24.18399145	27.41305653	30.67439892	36.84446753	38.35497252	39.73501431	42.83261263	46.66296541
1.6004875	22.65238123	23.46654643	27.00916175	31.15826349	36.76560117	38.931073	41.01612895	43.81370184	47.04930568
1.6067125	22.80993723	24.7268301	28.08548071	30.74239537	37.90775474	38.72355028	40.94909858	44.53012571	47.12338232
1.6129375	23.01138367	24.01381648	27.30379726	31.40054517	38.14391931	40.04311333	42.46901919	45.4150297	47.38612948
1.6191625	23.41703891	24.50785895	27.38248727	32.17669968	38.15568566	40.4397183	43.4602644	47.33000462	47.95183375
1.6253875	23.79687363	24.21844463	27.73760133	32.49302935	38.55556994	41.13737211	44.22921076	47.88783842	49.08705447
1.6316125	23.84967904	24.85923377	28.0010261	32.69729271	39.17638418	42.03298545	44.73778425	48.0051609	49.5787715
1.6378375	23.45545657	24.57726529	28.38443275	31.69579892	39.33171537	43.11702918	45.7574203	49.18041565	50.55684639
1.6440625	23.9648893	24.96351987	28.64536713	33.15004313	39.13833696	42.88942063	45.22749722	48.47506861	49.50009174
1.6502875	23.51445868	24.45563291	28.08308504	32.39842109	39.06113983	42.58024632	46.09800682	49.52709471	49.12733066
1.6565125	23.79926385	24.85968478	28.32563328	32.90501264	38.6972977	42.65591706	45.78536006	49.89438808	47.29860832
1.6627375	23.47078804	24.90850438	28.51661165	33.301436	39.4800973	43.12425804	45.53778469	50.16927773	47.80542501
1.6689625	23.6723248	24.83884466	28.5684809	33.74633178	40.37176915	42.94785833	46.16546349	50.6505135	47.93841776
1.6751875	23.97453149	25.16852166	29.41923943	34.24988599	39.6503729	44.07820301	46.2882809	50.38865344	48.10136907
1.6814125	24.17391298	25.87259197	29.50862743	35.01673302	42.80224309	43.25365361	46.90007484	50.50253168	48.77970801
1.6876375	24.59855077	27.9339772	33.46247204	46.52124	54.6855277	43.96139684	46.79886193	50.80939401	50.72548275
1.6938625	38.19769829	41.50769437	57.1353623	85.90867405	65.91552863	43.59198811	46.35453476	49.89272741	53.17194886
1.7000875	53.95063682	65.80049327	81.86605205	114.8979217	69.57030576	43.82983991	46.70119948	50.88431518	54.35308044
1.7063125	71.64550772	85.60963303	81.65620731	69.35481184	47.42936257	44.86324001	48.03684655	50.45728798	58.00454197
1.7125375	74.2136437	65.8234087	51.33485181	41.85995792	42.79924449	45.60867749	48.83498195	52.04304976	61.44392312
1.7187625	43.01523975	34.46638073	34.39319047	36.13078818	42.80065493	45.8911566	49.68655275	52.8304906	64.76777655
1.7249875	28.97987656	28.44571578	31.93830768	35.90421062	42.23872456	45.34074587	50.73349408	54.23840172	63.23633303
1.7312125	32.58096414	33.58727029	37.2737608	39.49333229	42.77426192	46.60755486	50.96099567	55.11698973	58.94289054
1.7374375	37.48548499	36.68956111	39.0559572	39.37196972	45.31642072	47.71816102	51.82387059	56.10728678	53.92909706
1.7436625	34.39836874	34.60763577	35.42444124	39.55028858	47.94842774	50.07203595	53.89872181	58.53262575	49.92295633
1.7498875	28.46008746	28.83363681	32.50741933	40.04236474	49.63290593	51.68619235	55.69050363	61.42546531	47.45408269
1.7561125	26.33232033	27.77303024	32.67009767	40.83996904	51.70463521	53.83941089	57.45754487	61.05369124	45.86245558
1.7623375	25.50216404	27.21253286	31.83978724	41.65438621	51.37101564	54.63359538	57.11398066	58.55929347	44.87834608
1.7685625	25.10017211	26.78755644	32.08431294	40.89199732	48.7795833	51.214851	53.7914509	55.73320477	43.48631806
1.7747875	24.49323282	27.05694259	31.40367952	40.09631885	46.93686547	49.38839387	51.22814457	53.27021519	43.43870007
1.7810125	24.90279051	26.95384908	31.59902079	38.65825704	43.5013145	45.5223634	48.50214556	49.20069229	42.34678386
1.7872375	24.46361247	26.74851625	30.37621926	36.42190529	41.70380679	44.4216765	46.17926458	48.40086475	41.47883018
1.7934625	25.47849779	27.32612719	30.08787432	33.83808837	38.38082754	41.3622964	44.54385205	46.36063184	41.10999191
1.7996875	24.81099202	26.11525759	28.24120545	32.28797918	37.19110039	40.27720788	43.04505768	45.58111506	40.14583623
1.8059125	23.78645372	24.38212625	26.99892353	31.03371267	36.46458982	39.93747002	41.62497472	44.80786476	39.74402473
1.8121375	22.65089196	23.55343097	26.58260118	30.5704508	35.40443831	37.88476832	41.2598548	43.90739759	39.06110433
1.8183625	22.22974154	23.79917121	25.93407209	29.95057993	35.48695065	38.01114576	40.9259323	42.58322833	38.09768458
1.8245875	21.70880394	23.04749088	26.0818134	29.62952902	34.6552011	37.47506276	39.92908453	42.1485751	37.65475461
1.8308125	21.91094829	22.88184449	25.57616573	29.74619981	34.37720683	35.93942741	38.66416558	40.97885173	37.25869831
1.8370375	21.92912757	22.04785295	25.4327242	28.86350241	33.96905106	36.23508929	38.11324734	40.12531913	36.53785251
1.8432625	22.22611522	23.37363439	26.1964904	31.23403005	35.7279594	35.92617713	37.72364377	39.73627591	36.74092111
1.8494875	22.9180494	25.53227504	28.54429064	36.18373304	35.73294885	34.96640383	36.99959272	40.11901346	36.18901438
1.8557125	24.66188719	26.68162389	28.93275897	34.80069958	34.04249128	34.80087033	36.70653963	38.44127825	36.32069712
1.8619375	25.25227678	27.39868384	27.91656992	29.08122405	32.93378995	34.58446766	35.78335808	38.11115413	34.98416259
1.8681625	24.50196043	23.61079506	25.14989607	28.03084901	32.75111042	33.34573661	35.84737224	37.75732323	34.99814456
1.8743875	21.98013759	22.60788022	24.46104569	27.98528999	32.22249411	33.54459719	34.52236616	37.72163897	34.68709829
1.8806125	21.27869047	22.09394857	24.63655105	27.9198531	32.48345771	33.18789845	34.90671607	36.31269102	34.00874013
1.8868375	20.69214542	22.15354831	24.4751392	27.66558722	31.9532817	32.91671962	34.49079186	36.31992902	33.06477066
1.8930625	20.17091442	21.38962281	23.92666919	27.66407185	32.67793172	32.58896634	33.4994405	34.8584648	32.94127782
1.8992875	20.49668716	21.95860837	23.63903222	27.452937	31.68168989	32.27133685	33.20459281	35.1512048	32.05551607
1.9055125	20.39224184	21.72514909	24.40427209	27.54844928	31.88981443	31.95602485	32.60415975	34.69348118	31.95764715
1.9117375	20.31380619	21.69298809	24.3342084	27.29786054	30.81888929	31.81546035	32.28635662	34.11283278	31.95912459
1.9179625	20.72588261	21.49815692	23.52253106	27.24477982	30.63011939	31.37231858	31.0681505	33.36758542	31.23147477
1.9241875	20.95376865	21.39227944	23.79140075	26.44358706	30.3240824	30.78128026	31.36767012	33.09476875	31.15196225
1.9304125	20.19616013	21.8620053	23.77849442	25.61490139	29.56951711	30.45205996	31.24175221	33.08549873	31.79191097
1.9366375	20.57020704	21.0498408	23.64963918	25.58280869	29.18498085	29.42403224	31.24675719	32.77113691	31.25091754
1.9428625	20.54287214	21.15006159	22.86013967	25.19057014	28.74354704	29.29648027	30.40120713	32.36768886	30.78339351
1.9490875	20.00617709	20.9538211	22.92063299	25.18716306	27.86130142	29.75119572	30.11937721	31.80025464	29.84643706
1.9553125	19.98877431	20.32812974	22.37727408	24.49856949	28.68073093	29.21612222	30.31248464	31.89764238	30.01942754
1.9615375	20.52267646	20.45940723	22.50427148	24.67563135	27.73072281	28.50304641	30.03742957	31.90150379	29.19888831
1.9677625	20.08942133	20.18812639	22.63279115	24.36511716	27.26084901	29.41700703	28.94045686	30.74950858	28.7705711
1.9739875	21.14386951	21.89427007	23.80947822	24.43965011	28.01386891	28.36524241	29.08399877	30.62954356	28.23230603
1.9802125	31.44843862	34.97617397	36.14096795	26.82440333	27.61293406	27.83281796	28.0200381	30.1818667	28.22754552
1.9864375	82.92599519	91.44835698	70.40697099	33.27703473	28.33959933	27.50510087	27.2752065	30.06121421	27.41522634
1.9926625	105.788657	89.95673363	72.47074922	45.59051028	28.73219138	27.0462568	27.99548616	29.21121071	27.58588959
1.9988875	71.10211915	67.24465696	43.70041113	29.51882703	27.97054633	26.89667401	27.48013965	28.72127183	27.47035413
2.0051125	39.70683167	36.89141978	34.4459874	29.71996955	28.06589872	26.85165345	27.35167483	28.49915116	27.52602941
2.0113375	37.04753462	37.34529578	35.77572527	30.82896004	26.8204198	26.87310578	26.88829618	29.00127159	27.58967319
2.0175625	35.5618959	35.07386228	33.75233174	28.6728844	26.05244094	26.64931732	27.06484459	28.51571376	27.30373404
2.0237875	33.19312868	31.67605224	28.33108126	26.10227634	26.43000573	26.7381893	26.98653047	28.20780964	27.11215143
2.0300125	27.07501367	25.29559458	25.38357219	26.14703056	25.77508027	26.75250027	27.62887265	28.77800529	27.31697933
2.0362375	24.09877669	22.81874005	23.49995798	24.53869979	26.20289784	27.01757563	27.29601645	28.04396764	26.78941867
2.0424625	21.03225239	21.38762871	22.81093527	23.28783332	25.48402122	26.56911422	26.80719506	28.39400383	27.32120702
2.0486875	20.77032922	20.85533977	22.72820033	23.1491992	26.03059461	26.14165983	27.29619661	28.95285123	27.57347066
2.0549125	20.08315557	20.07780877	21.37083929	22.81286544	25.9498352	26.23928494	26.44223267	28.50833982	27.20220236
2.0611375	19.32549597	19.91522882	21.64394079	22.49493337	25.33793343	24.96548687	26.01742466	27.85173731	26.93871395
2.0673625	19.73337894	20.16297042	21.00722573	22.63840786	24.77131455	25.63344644	26.48231718	27.89866029	27.42784734
2.0735875	19.35510271	18.99197292	21.65858163	23.04422212	25.36927541	25.06040268	25.96789094	27.12000812	27.21039061
2.0798125	19.35733004	19.87984113	19.93925832	22.51892288	24.66123922	25.95130692	26.10095069	27.70018771	27.17927858
2.0860375	19.23912699	19.86845971	21.0491777	22.1777992	24.11806112	25.38820961	27.09551864	27.19021509	26.76052972
2.0922625	18.94705414	19.47716001	21.11987957	22.50803724	24.29327237	24.99460536	25.46314137	27.55513262	26.6426021
2.0984875	18.2968079	18.6367889	21.11587658	21.32170213	23.6601598	24.61174785	25.10657276	26.95601663	26.43984178
2.1047125	18.63029385	19.70111226	21.07165831	22.10128567	23.80064862	24.38487841	24.5269465	26.28185976	26.29196256
2.1109375	20.80608636	20.6428689	21.62549564	22.25089001	23.47390334	24.7189792	24.7447308	26.27967268	26.71654872
2.1171625	19.94394012	20.42135772	21.44974469	21.31680002	23.24314755	24.33202393	25.30730473	25.93640057	26.79788069
2.1233875	18.61802875	18.40757754	19.84956151	20.95181919	22.3719763	23.39164485	24.42964762	25.63022384	26.77048265
2.1296125	17.4064107	17.57219846	19.11698171	20.58172	22.7981951	23.62769131	24.30293605	25.69014956	25.93595497
2.1358375	17.04791556	17.47602568	19.09918854	20.17745736	22.68089449	23.54119793	23.8752848	25.34652901	25.25419662
2.1420625	16.73628451	17.34801225	18.75654665	20.1711364	22.73631816	22.70818663	23.68982936	25.4458934	24.12974595
2.1482875	16.52237195	17.43782603	18.68090147	20.1013663	22.48178018	23.36294382	23.68760908	24.8451268	23.52077055
2.1545125	16.71235196	17.28816112	18.92539161	20.19243313	22.23819982	23.15514048	23.40459582	25.4668621	23.31889247
2.1607375	16.43577971	16.72993389	18.61032658	19.52590186	22.33051377	23.00349646	24.16018265	25.3117703	22.17206909
2.1669625	16.25699477	16.97615602	18.33979547	19.56220668	22.37858993	22.46836531	23.78489829	25.47154746	22.17081584
2.1731875	16.57153473	16.8334765	18.64193655	19.46146825	22.33434036	22.66107261	22.94822096	24.36843879	22.47664181
2.1794125	16.2404506	16.87153458	18.1123809	19.2933881	21.9375574	22.58283121	23.26532673	24.78731649	22.13234035
2.1856375	16.34319656	16.61219704	18.15489186	19.60873441	21.92662784	22.55927285	23.30841857	23.44096962	21.65640005
2.1918625	16.07755765	16.85019278	17.64161331	19.50798779	22.10780334	22.09070578	22.44921226	23.78285418	22.38694811
2.1980875	16.74964601	17.44454101	18.49682769	19.36288923	21.45920378	22.0352785	22.10727049	23.76565744	21.86342435
2.2043125	18.05573013	17.80418091	19.4109525	20.9373463	21.96096527	21.26577186	21.90313468	22.5117015	21.99972428
2.2105375	21.7543481	20.91878789	22.34540016	23.93345831	22.56878195	21.691526	21.78183102	22.29116469	21.23490576
2.2167625	25.60576465	24.80980333	24.98730678	26.85178495	22.14885658	21.57184222	22.01475228	22.85455281	21.79523915
2.2229875	27.65056191	29.67912192	28.84936518	24.90461156	21.17469039	21.30295849	22.30263535	22.74124006	21.69043333
2.2292125	29.37687041	29.11499216	24.53435218	20.19172356	21.9162756	20.71978233	22.06509878	22.48014306	21.7458249
2.2354375	22.75902169	21.38982503	20.905741	20.49962193	21.67151623	21.5311802	21.96504032	23.10588941	21.69052291
2.2416625	18.76994326	19.45342569	20.48295295	21.20937674	22.0027405	21.48337861	21.42612254	22.55933584	21.28866221
2.2478875	19.1310164	20.89227816	21.81574744	21.84884907	21.59956111	20.86816769	22.13330932	22.81097033	21.47771892
2.2541125	21.67068417	22.83118437	23.43917823	20.45699483	20.46856979	21.30548845	21.63921922	22.56258366	21.91877078
2.2603375	25.12065218	26.23834214	25.77302959	20.82213298	20.61188491	20.91556783	20.86892328	22.50606504	21.38467755
2.2665625	30.17158736	31.30596903	29.1546825	21.07813006	20.55317023	21.19695797	21.13853641	22.30370097	21.90016117
2.2727875	32.73984057	30.12447696	26.02957843	20.48845758	20.97758145	20.3363635	21.25160516	22.23376771	21.75056286
2.2790125	26.03706264	24.68517512	22.429255	19.67025569	20.94451409	20.87630091	21.57755392	22.62726118	21.67890231
2.2852375	20.97219807	19.82352691	19.52707786	19.12621893	21.1573819	20.78747394	20.98649309	22.62293861	21.96221994
2.2914625	17.91833176	17.36409164	18.46870108	19.07543737	20.68073944	20.77895997	21.67847753	22.2638694	22.26527183
2.2976875	16.53359337	16.87464471	18.15223816	18.67156721	20.45291222	21.00660256	21.63349744	22.54619988	21.56299282
2.3039125	15.90612054	16.69205581	17.57323672	18.62800119	20.86888149	20.95168261	21.14729972	22.66460619	21.92485143
2.3101375	16.22895979	16.05289659	17.99516559	18.04566275	20.50314269	20.94800312	21.23170392	21.99764149	21.67167632
2.3163625	15.78465769	15.96548207	17.53233324	18.33482026	20.29070492	20.74406646	21.34030261	22.4884287	21.84541842
2.3225875	15.52941323	15.9506238	17.46086876	18.18297363	20.30249202	20.74206844	21.08541428	21.62527846	21.90497126
2.3288125	15.35121623	15.58353954	17.21732603	18.05407711	20.28732772	20.69166993	21.21165751	22.30820151	21.10521399
2.3350375	15.84829577	15.75493989	16.87884268	18.09020876	20.5503575	21.08339893	21.00938472	22.57779245	21.70646533
2.3412625	14.97092876	16.07353075	17.06051215	18.20258642	20.37423863	20.84276429	21.8141732	22.50843885	20.98496843
2.3474875	15.04281086	15.69884922	16.85596441	17.82949563	20.28920287	20.60206071	21.84207634	22.18644521	20.59344952
2.3537125	14.84331652	15.60272171	17.1905865	17.93565972	20.33722128	20.60618866	21.27516254	22.52448078	20.88974085
2.3599375	15.26566282	15.29198627	16.69581759	18.57658064	20.40999281	20.87657884	21.43330669	22.31073458	20.56576603
2.3661625	15.11620301	15.34483173	16.70072795	17.88019738	19.81182204	20.49136375	21.02851122	22.08353381	20.49450036
2.3723875	15.18281761	15.70709902	16.83469506	18.06904498	20.18948151	20.87597141	20.63620049	22.49489312	20.40492116
2.3786125	14.75418936	15.22316017	16.74048845	17.66292882	20.33459525	20.16427828	20.31750021	21.47775377	20.32008515
2.3848375	14.86229981	15.14956006	16.41648011	17.43717349	19.72937663	20.40690467	20.43302193	21.36655427	20.92088364
2.3910625	14.13350416	15.37379944	16.61969995	17.54653014	19.66736377	19.39430661	20.73840995	21.45302918	20.10009894
2.3972875	14.0485918	14.77033161	16.44415064	17.77245185	19.4770884	19.61666617	19.72426335	21.26994852	19.50670618
2.4035125	14.51903118	14.85205158	16.14563234	17.18093032	19.78721144	19.81088362	20.15379039	21.57847985	19.99551406
2.4097375	14.27281856	14.49051312	16.40940065	16.69728567	19.68127414	19.4221843	20.01906555	20.97356881	20.17280886
2.4159625	14.74081651	15.24239725	16.05788088	17.75028002	19.69145429	19.98382823	19.77250216	21.08180192	19.90322781
2.4221875	14.84055918	14.70552638	16.49925384	17.34668544	19.37267154	19.80668232	19.53805931	21.21171906	19.74607326
2.4284125	14.30154744	14.64044432	15.84750592	17.41463499	19.77542293	19.62170294	19.68489912	21.0835106	19.7027014
2.4346375	14.38995648	14.89166815	16.27455899	17.21143324	19.27652436	19.65276932	19.8711911	21.35032817	20.09854261
2.4408625	14.3694145	14.9874946	15.79003449	17.38125981	19.06878618	19.70082047	20.1043838	21.09267114	19.9768931
2.4470875	14.52969634	15.32293939	16.44002375	17.06508808	19.54372477	19.54947265	20.25894941	21.0093031	19.80434704
2.4533125	14.33550156	14.99949518	16.24742531	16.74752772	19.31332377	19.71184481	19.91325326	20.75004407	19.58010583
2.4595375	14.27737865	14.73578397	16.50094109	17.53368096	19.19401747	19.48999749	19.74676901	21.15193314	19.89557124
2.4657625	15.05085873	15.10790436	16.15322353	17.04787648	18.87806002	19.52013684	19.74591171	20.86712158	20.07922414
2.4719875	14.70702759	15.10425794	15.87021875	17.29549092	19.54380746	19.63107497	20.31723213	21.42908493	20.13287278
2.4782125	14.64162515	14.73881427	16.46535062	16.91043059	19.2659873	19.48046211	20.18983376	21.21876825	19.92449703
2.4844375	14.40520239	14.83179894	16.01766311	16.92374145	19.37022619	19.82415946	19.66777	21.51128413	20.17584877
2.4906625	14.40593637	14.99161707	16.3597589	17.2710191	19.0839502	19.33827324	20.07513651	20.78133104	20.29279156
2.4968875	14.31206041	14.62776619	16.05390171	16.98359021	19.63324066	19.72602731	20.30775319	21.29596761	20.32550913
